1159 0 0 0 0 0
1257 0 0 0 0 0
1355 0 0 0 0 0
1453 10.2041 1 0 0 24
1552 -10.101 0 101.0101 10 0
1651 -10.101 -1 60.6061 16 -12
1750 0 -1 -40.404 12 -12
1854 -9.6154 -2 -86.5385 3 -48
1953 0 -2 -242.4242 -21 -48
2052 20.202 0 -404.0404 -61 -12
2151 10.101 1 -252.5253 -86 0
2250 -10.101 0 -70.7071 -93 -24
2349 -20.202 -2 -111.1111 -104 -72
2448 10.101 -1 -373.7374 -141 -36
2547 20.202 1 -434.3434 -184 0
2651 0 1 -173.0769 -202 -12
2750 -30.303 -2 -70.7071 -209 -96
2849 -10.101 -3 -414.1414 -250 -100
2948 30.303 0 -787.8788 -328 -48
3047 40.404 4 -676.7677 -395 24
3146 0 4 -191.9192 -414 12
3245 -10.101 3 90.9091 -405 12
3344 0 3 80.8081 -397 36
3448 0 3 201.9231 -376 60
3547 -10.101 2 404.0404 -336 48
3646 -20.202 0 474.7475 -289 24
3745 -10.101 -1 343.4344 -255 12
3844 10.101 0 181.8182 -237 36
3943 10.101 1 212.1212 -216 60
4042 10.101 2 404.0404 -176 96
4141 -10.101 1 656.5657 -111 72
4245 -38.4615 -3 730.7692 -35 0
4344 -20.202 -5 383.8384 3 -36
4443 20.202 -3 -80.8081 -5 0
4542 20.202 -1 -101.0101 -15 12
4641 -10.101 -2 40.404 -11 -36
4740 -10.101 -3 -111.1111 -22 -60
4839 10.101 -2 -383.8384 -60 -48
4938 20.202 0 -444.4445 -104 -12
5042 9.6154 1 -288.4615 -134 0
5141 -10.101 0 -70.7071 -141 -24
5240 -20.202 -2 -101.0101 -151 -72
5339 10.101 -1 -383.8384 -189 -36
5438 20.202 1 -434.3434 -232 0
5537 0 1 -181.8182 -250 -12
5636 -30.303 -2 -80.8081 -258 -96
5740 -9.6154 -3 -442.3077 -304 -100
5839 40.404 1 -787.8788 -382 -12
5938 30.303 4 -535.3535 -435 24
6037 -10.101 3 -60.6061 -441 0
6136 -10.101 2 50.5051 -436 0
6235 -10.101 1 0 -436 0
6334 10.101 2 -10.101 -437 36
6433 0 2 151.5152 -422 36
6537 -9.6154 1 288.4615 -392 24
6636 -10.101 0 262.6263 -366 12
6735 0 0 161.6162 -350 12
6834 10.101 1 111.1111 -339 48
6933 0 1 252.5253 -314 36
7032 -20.202 -1 333.3333 -281 0
7131 -10.101 -2 181.8182 -263 -12
7230 10.101 -1 -40.404 -267 0
7329 20.202 1 -20.202 -269 48
7433 0 1 201.9231 -248 36
7532 -10.101 0 333.3333 -215 24
7631 -10.101 -1 262.6263 -189 0
7730 0 -1 111.1111 -178 0
7829 0 -1 0 -178 0
7927 10.2041 0 0 -178 12
8026 0 0 60.6061 -172 0
8125 0 0 20.202 -170 0
8224 10.101 1 0 -170 24
8328 0 1 105.7692 -159 24
8427 -20.202 -1 191.9192 -140 -24
8526 0 -1 0 -140 0
8624 10.2041 0 -40.8163 -144 12
8723 -10.101 -1 50.5051 -139 -24
8822 -10.101 -2 -70.7071 -146 -48
8921 10.101 -1 -262.6263 -172 -24
9020 10.101 0 -292.9293 -201 -12
9124 -9.6154 -1 -163.4615 -218 -48
9223 0 -1 -262.6263 -244 -48
9322 20.202 1 -404.0404 -284 0
9421 10.101 2 -202.0202 -304 12
9520 -20.202 0 10.101 -303 -36
9619 -20.202 -2 -111.1111 -314 -72
9718 20.202 0 -414.1414 -355 -12
9817 20.202 2 -353.5354 -390 12
9921 -9.6154 1 -38.4615 -394 -12
10020 0 1 -30.303 -397 0
10119 -10.101 0 -30.303 -400 -24
10218 0 0 -90.9091 -409 -12
10317 10.101 1 -121.2121 -421 12
10416 0 1 10.101 -420 12
10515 -10.101 0 80.8081 -412 0
10614 -10.101 -1 30.303 -409 -24
10718 -9.6154 -2 -115.3846 -421 -48
10817 10.101 -1 -282.8283 -449 -24
10916 20.202 1 -292.9293 -478 0
11015 0 1 -111.1111 -489 0
11114 0 1 0 -489 0
11212 -10.2041 0 0 -489 -12
11311 0 0 -60.6061 -495 0
11410 0 0 -10.101 -496 0
11509 0 0 0 -496 0
11612 -9.7087 -1 0 -496 -24
11711 0 -1 -111.1111 -507 -24
11810 0 -1 -181.8182 -525 -36
11909 10.101 0 -242.4242 -549 -12
12008 0 0 -191.9192 -568 -24
12107 -10.101 -1 -181.8182 -586 -48
12206 10.101 0 -292.9293 -615 -12
12305 10.101 1 -242.4242 -639 0
12409 -19.2308 -1 -57.6923 -645 -60
12508 -20.202 -3 -252.5253 -670 -100
12607 20.202 -1 -636.3636 -733 -48
12706 40.404 3 -636.3636 -796 24
12805 0 3 -181.8182 -814 0
12904 -20.202 1 20.202 -812 -24
13003 -20.202 -1 -101.0101 -822 -60
13107 -9.6154 -2 -336.5385 -857 -84
13206 30.303 1 -585.8586 -915 0
13305 20.202 3 -373.7374 -952 12
13404 -20.202 1 -10.101 -953 -24
13503 -20.202 -1 -80.8081 -961 -60
13602 0 -1 -323.2323 -993 -48
13701 0 -1 -444.4445 -1037 -72
13800 20.202 1 -545.4545 -1091 -24
13904 19.2308 3 -413.4615 -1134 12
14003 -20.202 1 -101.0101 -1144 -36
14102 -20.202 -1 -131.3131 -1157 -72
14201 20.202 1 -414.1414 -1198 0
14300 20.202 3 -292.9293 -1227 24
14399 -10.101 2 60.6061 -1221 0
14498 -20.202 0 60.6061 -1215 -24
14602 -9.6154 -1 -105.7692 -1226 -36
14701 0 -1 -242.4242 -1250 -36
14800 20.202 1 -292.9293 -1279 0
14899 0 1 -151.5152 -1294 0
14998 -20.202 -1 -10.101 -1295 -48
15097 -20.202 -3 -212.1212 -1316 -96
15196 20.202 -1 -565.6566 -1372 -48
15295 30.303 2 -606.0606 -1432 0
15399 -9.6154 1 -269.2308 -1460 -48
15498 -20.202 -1 -242.4242 -1484 -84
15597 0 -1 -535.3535 -1537 -84
15696 20.202 1 -707.0707 -1607 -36
15795 30.303 4 -555.5555 -1662 24
15894 -20.202 2 -131.3131 -1675 -36
15993 -20.202 0 -121.2121 -1687 -60
16097 0 0 -375 -1726 -48
16196 20.202 2 -464.6465 -1772 0
16295 20.202 4 -242.4242 -1796 48
16394 -20.202 2 161.6162 -1780 0
16493 -40.404 -2 151.5152 -1765 -84
16592 -10.101 -3 -303.0303 -1795 -96
16691 40.404 1 -707.0707 -1865 0
16795 28.8462 4 -432.6923 -1910 36
16894 -10.101 3 70.7071 -1903 12
16993 -20.202 1 151.5152 -1888 0
17092 -20.202 -1 50.5051 -1883 -36
17191 -10.101 -2 -161.6162 -1899 -60
17290 10.101 -1 -383.8384 -1937 -36
17389 20.202 1 -393.9394 -1976 0
17493 0 1 -173.0769 -1994 -12
17592 -20.202 -1 -70.7071 -2001 -60
17691 0 -1 -282.8283 -2029 -48
17790 10.101 0 -434.3434 -2072 -36
17889 10.101 1 -373.7374 -2109 -12
17988 0 1 -232.3232 -2132 -12
18087 -20.202 -1 -131.3131 -2145 -72
18186 -10.101 -2 -343.4344 -2179 -84
18290 19.2308 0 -634.6154 -2245 -48
18389 30.303 3 -585.8586 -2303 12
18488 10.101 4 -212.1212 -2324 24
18587 -30.303 1 101.0101 -2314 -36
18686 -10.101 0 -70.7071 -2321 -24
18785 10.101 1 -191.9192 -2340 0
18884 20.202 3 -101.0101 -2350 60
18988 -9.6154 2 250 -2324 36
19087 -20.202 0 383.8384 -2286 0
19186 -10.101 -1 171.7172 -2269 0
19285 0 -1 20.202 -2267 0
19384 10.101 0 0 -2267 12
19483 0 0 50.5051 -2262 0
19582 0 0 20.202 -2260 0
