0.025196313858032227 29.7
0.058591604232788086 29.7
0.0745699405670166 30.2
0.09522891044616699 30.2
0.11477065086364746 30.2
0.1278975009918213 30.2
0.142958402633667 29.8
0.1553971767425537 29.8
0.17217397689819336 29.4
0.1854393482208252 28.6
0.20022797584533691 28.6
0.21459436416625977 28.1
0.22809147834777832 27.1
0.24065685272216797 27.1
0.25856661796569824 26.7
0.27743983268737793 26.3
0.292219877243042 26.3
0.30511021614074707 25.5
0.31818628311157227 24.9
0.33181071281433105 24.9
0.3452880382537842 24.3
0.36304283142089844 24.1
0.3751397132873535 24.1
0.401883602142334 23.7
0.4174365997314453 23.3
0.43201470375061035 23.5
0.44658875465393066 23.5
0.46478915214538574 23.3
0.4799511432647705 22.8
0.4942753314971924 22.9
0.5121815204620361 22.9
0.5280258655548096 22.5
0.5420346260070801 22.0
0.5573000907897949 22.0
0.5693917274475098 22.0
0.5839428901672363 21.7
0.5974040031433105 21.7
0.6102399826049805 21.9
0.6267669200897217 21.9
0.6419603824615479 21.9
0.6562795639038086 21.3
0.6694908142089844 21.3
0.6847004890441895 21.3
0.6961863040924072 21.2
0.7102539539337158 21.2
0.7252750396728516 21.2
0.7392656803131104 21.2
0.7542095184326172 21.2
0.7681975364685059 21.3
0.7835094928741455 21.3
0.7954497337341309 21.3
0.8094637393951416 20.9
0.8245675563812256 20.6
0.8379037380218506 20.6
0.8526256084442139 20.9
0.8653049468994141 20.9
0.8792269229888916 20.6
0.8938045501708984 20.9
0.9073798656463623 20.9
0.9202463626861572 20.6
0.9342658519744873 20.6
0.9474725723266602 20.6
0.9630768299102783 20.9
0.9774749279022217 20.9
0.9960312843322754 20.9
1.0128393173217773 20.9
1.0250980854034424 20.9
1.0391709804534912 20.9
1.0529563426971436 20.9
1.0686602592468262 20.6
1.082742691040039 20.6
1.0981802940368652 20.6
1.113126277923584 20.9
1.1293253898620605 20.9
1.1434409618377686 20.9
1.157226800918579 20.9
1.1741282939910889 20.9
1.1871492862701416 20.9
1.1994197368621826 20.9
1.2142457962036133 20.9
1.2273728847503662 20.9
1.2439684867858887 20.9
1.2594046592712402 20.9
1.2729954719543457 20.9
1.28743314743042 20.7
1.3001317977905273 20.7
1.3151741027832031 20.9
1.3280892372131348 20.9
1.3452813625335693 20.9
1.359879732131958 20.9
1.3742716312408447 20.9
1.3881289958953857 20.6
1.4019789695739746 20.9
1.4153285026550293 20.9
1.4280855655670166 20.9
1.4434781074523926 20.9
1.456606149673462 20.9
1.4729888439178467 20.4
1.4890143871307373 20.7
1.5028133392333984 20.7
1.519493579864502 20.4
1.5350592136383057 20.4
1.5482008457183838 20.4
1.5618252754211426 21.1
1.5752594470977783 20.5
1.5892784595489502 20.5
1.6033658981323242 20.5
1.6172521114349365 20.5
1.6322166919708252 19.9
1.64622163772583 20.3
1.6639416217803955 20.3
1.6773457527160645 20.3
1.694084644317627 19.8
1.7075040340423584 19.8
1.722930669784546 19.8
1.7431120872497559 19.8
1.7573657035827637 19.5
1.7722234725952148 19.5
1.786590814590454 19.5
1.8046400547027588 19.9
1.818779468536377 19.9
1.8360929489135742 19.9
1.8501765727996826 19.7
1.864241123199463 19.7
1.8787205219268799 19.7
1.893308162689209 19.0
1.9091954231262207 19.1
1.9290640354156494 19.1
1.9427402019500732 19.5
1.956141471862793 19.0
1.9718990325927734 19.0
1.985086441040039 19.0
2.002190351486206 19.0
2.018220901489258 19.0
2.033081293106079 19.0
2.045228958129883 19.0
2.0647733211517334 19.0
2.079375743865967 19.0
2.0950536727905273 19.0
2.108158826828003 18.9
2.123877763748169 18.9
2.1353819370269775 18.4
2.152972459793091 18.4
2.167372703552246 18.4
2.183013916015625 18.9
2.2041726112365723 18.3
2.2220005989074707 18.5
2.23616099357605 18.5
2.2493817806243896 18.5
2.268660306930542 18.3
2.284252166748047 18.3
2.2992300987243652 18.3
2.3130006790161133 18.1
2.331991195678711 18.1
2.3451507091522217 18.1
2.358157157897949 17.9
2.3729114532470703 17.4
2.388228416442871 17.4
2.407088279724121 17.4
2.4202382564544678 17.4
2.4353649616241455 17.5
2.449136734008789 17.5
2.462987184524536 17.0
2.47670316696167 17.0
2.491910219192505 17.0
2.505206346511841 17.0
2.519266128540039 17.0
2.534071683883667 17.0
2.547420024871826 17.0
2.5629465579986572 17.0
2.5779542922973633 17.0
2.594616174697876 17.0
2.610625743865967 17.0
2.6234257221221924 17.0
2.6381752490997314 17.5
2.6542534828186035 17.5
2.669217109680176 17.4
2.6854026317596436 17.4
2.6981136798858643 17.4
2.7128093242645264 17.4
2.730228900909424 17.4
2.7461905479431152 17.4
2.7593939304351807 17.4
2.773488759994507 17.9
2.789121627807617 17.9
2.8028149604797363 17.9
2.8172223567962646 17.9
2.830219030380249 17.9
2.8452401161193848 17.9
2.859283208847046 17.9
2.877140760421753 17.9
2.892840623855591 17.9
2.9053473472595215 17.3
2.9202511310577393 17.3
2.936117172241211 17.4
2.9565653800964355 17.4
2.971808671951294 17.4
2.985309362411499 17.4
3.002230405807495 17.5
3.016206979751587 17.5
3.0291874408721924 17.5
3.050058603286743 17.5
3.075303316116333 17.5
3.106069564819336 17.5
3.132115364074707 17.5
3.1519064903259277 17.5
3.16621470451355 17.5
3.191680908203125 17.5
3.2033653259277344 17.5
3.2182047367095947 17.5
3.233341932296753 17.5
3.245211601257324 17.5
3.264542579650879 17.2
3.2821974754333496 17.3
3.297304391860962 17.2
3.3120343685150146 17.2
3.327471971511841 17.4
3.3418123722076416 17.0
3.354158639907837 17.0
3.368023157119751 17.5
3.3829712867736816 17.5
3.3961048126220703 17.0
3.409085988998413 17.0
3.4249837398529053 17.0
3.4391748905181885 17.0
3.4541494846343994 17.0
3.4674763679504395 17.0
3.483733892440796 17.0
3.4960529804229736 17.0
3.509201765060425 17.0
3.524113893508911 17.0
3.538727045059204 17.0
3.5527780055999756 17.3
3.5654149055480957 17.3
3.5793254375457764 17.3
3.595057487487793 17.3
3.6074717044830322 17.3
3.6219370365142822 17.3
3.6414530277252197 17.3
3.6551036834716797 17.3
3.6682589054107666 17.3
3.682936429977417 17.0
3.697467803955078 17.0
3.7142412662506104 17.0
3.729116916656494 17.0
3.7472660541534424 17.0
3.762223720550537 17.0
3.7786128520965576 17.0
3.7953076362609863 17.0
3.807974338531494 17.0
3.822277069091797 17.0
3.8350577354431152 17.3
3.850193500518799 17.2
3.8642516136169434 17.2
3.877439022064209 17.5
3.8927764892578125 17.5
3.9051012992858887 17.5
3.9180757999420166 17.4
3.9382565021514893 17.4
3.952221393585205 17.9
3.9662539958953857 17.9
3.980219602584839 17.9
4.002155542373657 18.1
4.015147686004639 18.3
4.032755136489868 18.5
4.053327322006226 18.5
4.06800389289856 18.5
4.081894159317017 18.4
4.0952043533325195 18.4
4.108177185058594 18.4
4.122833490371704 18.4
4.136808395385742 18.4
4.151449203491211 18.9
4.168099403381348 18.9
4.182109355926514 18.9
4.1960837841033936 18.9
4.209292888641357 18.9
4.223142623901367 18.9
4.238528490066528 18.9
4.252840518951416 18.9
4.2653889656066895 18.9
4.279070138931274 18.9
4.293906927108765 18.9
4.306213140487671 18.9
4.323815584182739 18.9
4.337378740310669 18.9
4.351949453353882 18.9
4.364266395568848 18.9
4.377998352050781 18.9
4.391799211502075 18.9
4.405091047286987 18.9
4.418083429336548 18.9
4.43175196647644 18.9
4.447016477584839 18.9
4.460136890411377 18.9
4.476064682006836 18.9
4.488564729690552 18.9
4.500025033950806 18.9
4.515207529067993 18.9
4.525972604751587 18.9
4.53670334815979 18.9
4.548602104187012 18.9
4.558950901031494 18.9
4.570264577865601 18.9
4.581965208053589 18.9
4.592610836029053 18.9
4.605491399765015 18.9
4.616564035415649 18.9
4.6272008419036865 18.9
4.638613939285278 18.9
4.655405282974243 18.9
4.668939113616943 18.9
4.685367107391357 18.9
4.7026238441467285 19.0
4.7152581214904785 19.0
4.7294158935546875 19.0
4.742645502090454 19.0
4.7571797370910645 19.0
4.7690911293029785 19.9
4.7850120067596436 19.9
4.79607892036438 19.9
4.807932376861572 20.3
4.818816423416138 20.3
4.836590766906738 19.7
4.855012893676758 19.0
4.867938995361328 19.1
4.882795333862305 19.1
4.895204067230225 19.1
4.909314393997192 19.1
4.926072359085083 19.1
4.9401843547821045 19.8
4.955965995788574 20.7
4.969225645065308 20.7
4.983901262283325 22.0
4.998170852661133 23.3
5.013740062713623 23.3
5.027228832244873 28.1
5.0401387214660645 28.1
5.054275035858154 28.0
5.070134878158569 34.7
5.085260391235352 34.7
5.099267482757568 33.0
5.115111827850342 36.1
5.1294965744018555 36.1
5.1442601680755615 45.6
5.159199476242065 38.3
5.1750569343566895 38.3
5.190099239349365 38.0
5.2153074741363525 38.5
5.2319114208221436 51.7
5.246560573577881 51.7
5.264618635177612 37.6
5.279244422912598 42.0
5.298252820968628 42.0
5.315374851226807 37.4
5.334164142608643 37.6
5.35015082359314 36.5
5.37014365196228 36.5
5.387093544006348 35.3
5.402820110321045 35.3
5.418186664581299 35.3
5.433339595794678 35.3
5.450236558914185 34.9
5.4675092697143555 33.0
5.484217405319214 34.0
5.497912168502808 34.0
5.514665842056274 32.6
5.529092311859131 32.6
5.544130086898804 32.6
5.557939767837524 32.0
5.576066493988037 32.0
5.591870069503784 30.2
5.605318307876587 29.0
5.622195243835449 29.7
5.6390721797943115 29.7
5.655272483825684 26.7
5.670267581939697 24.9
5.6862123012542725 24.9
5.700060129165649 24.3
5.716790437698364 23.3
5.731801509857178 23.3
5.7451183795928955 23.3
5.758074045181274 22.0
5.776185750961304 22.0
5.790034532546997 21.9
5.804152250289917 21.2
5.819243431091309 21.2
5.832712888717651 21.3
5.8439435958862305 21.9
5.855067014694214 21.9
5.866125106811523 20.9
5.881762504577637 20.9
5.893901109695435 20.6
5.906763315200806 20.6
5.917827129364014 21.3
5.931960105895996 21.2
5.94279146194458 21.2
5.956265211105347 20.9
5.9742350578308105 20.9
5.989139556884766 21.2
6.004233121871948 21.7
6.019355058670044 21.9
6.03624415397644 21.9
6.053002595901489 21.9
6.067854166030884 21.9
6.084918022155762 21.9
6.099059104919434 21.9
6.114157438278198 21.9
6.129966497421265 21.9
6.142704963684082 21.9
6.153934717178345 21.3
6.170168876647949 21.3
6.187814235687256 21.3
6.203084945678711 21.1
6.220037460327148 21.1
6.239451169967651 21.1
6.252026319503784 21.3
6.264713764190674 21.3
6.277904748916626 21.3
6.288716554641724 21.2
6.299435615539551 21.2
6.311401605606079 21.7
6.324267148971558 21.7
6.3365397453308105 21.7
6.348167657852173 22.0
6.359004020690918 22.0
6.370030641555786 22.0
6.384267807006836 21.9
6.398210287094116 21.9
6.409101963043213 21.9
6.420191526412964 21.9
6.432994365692139 21.9
6.443893671035767 21.7
6.454724550247192 21.7
6.472946882247925 21.7
6.489140748977661 21.2
6.505024433135986 21.2
6.519157409667969 21.2
6.535489559173584 21.3
6.5518553256988525 21.3
6.565005302429199 21.3
6.576274156570435 21.1
6.594279527664185 21.1
6.609021186828613 21.1
6.6239540576934814 21.1
6.64005184173584 21.1
6.655517578125 21.1
6.670130968093872 21.3
6.687873125076294 21.3
6.703075170516968 21.3
6.717817783355713 21.3
6.734184265136719 21.3
6.750626802444458 21.3
6.763891935348511 21.3
6.779459714889526 21.3
6.7960615158081055 21.3
6.8117711544036865 21.3
6.826083660125732 21.1
6.842996120452881 21.1
6.859995603561401 21.1
6.8758814334869385 21.1
6.892844915390015 21.1
6.907837152481079 20.9
6.923056602478027 20.9
6.940067768096924 20.9
6.955375671386719 20.9
6.973006963729858 20.9
6.989287614822388 20.9
7.004081964492798 20.9
7.019000053405762 20.9
7.03393030166626 20.9
7.049288749694824 21.1
7.064978122711182 21.1
7.079152345657349 21.1
7.09602427482605 21.1
7.110076665878296 21.1
7.125443696975708 21.1
7.143797874450684 21.1
7.158073663711548 21.2
7.173810243606567 21.1
7.192256927490234 21.1
7.207140922546387 21.1
7.221850633621216 21.1
7.236027479171753 21.1
7.25293493270874 21.1
7.267151355743408 21.1
7.2821996212005615 21.1
7.297868251800537 21.1
7.315050363540649 20.6
7.3319785594940186 20.9
7.347498893737793 20.9
7.362864255905151 20.9
7.377204895019531 20.9
7.395888090133667 20.9
7.410121440887451 20.9
7.425312757492065 20.9
7.440086126327515 20.6
7.457190752029419 20.9
7.471961498260498 20.9
7.487090587615967 20.9
7.503007411956787 20.9
7.519003629684448 20.9
7.5322206020355225 20.9
7.548065662384033 20.6
7.563298940658569 20.6
7.577798128128052 20.6
7.5929272174835205 20.5
7.608157157897949 20.5
7.623409271240234 20.9
7.638036727905273 20.4
7.654983758926392 20.4
7.669029474258423 20.4
7.684276103973389 20.4
7.702749013900757 20.4
7.713408470153809 20.4
7.7331085205078125 20.4
7.7518370151519775 20.4
7.768067836761475 20.4
7.783139944076538 20.4
7.798216819763184 20.5
7.813925504684448 20.5
7.82899808883667 20.5
7.843429327011108 20.9
7.859267473220825 20.9
7.874212026596069 20.9
7.889074087142944 20.9
7.905961275100708 20.9
7.918178081512451 20.9
7.932809114456177 20.9
7.948983669281006 21.3
7.964247703552246 21.3
7.977763414382935 20.9
7.994124889373779 20.6
8.015143871307373 20.9
8.043947219848633 20.6
8.073848962783813 20.9
8.099099397659302 20.9
8.112839460372925 20.9
8.124206304550171 20.5
8.1492600440979 20.5
8.165062189102173 20.5
8.177939176559448 20.5
8.192775011062622 20.5
8.205196857452393 20.5
8.217963695526123 20.9
8.232842683792114 20.9
8.247398853302002 20.9
8.260026454925537 20.9
8.273902654647827 20.6
8.291978597640991 20.6
8.30625867843628 20.9
8.319261074066162 20.5
8.337879180908203 20.5
8.352084875106812 20.5
8.365022420883179 20.3
8.378184795379639 20.3
8.393506526947021 20.4
8.409989356994629 20.4
8.426087141036987 20.4
8.440094947814941 20.4
8.45707893371582 20.4
8.470120191574097 20.4
8.48605990409851 20.4
8.50287413597107 20.4
8.515999555587769 20.4
8.52883768081665 20.4
8.542874574661255 20.4
8.556116580963135 20.4
8.569023370742798 20.4
8.583833456039429 20.5
8.604151964187622 20.5
8.617967128753662 20.9
8.630086660385132 20.9
8.64662218093872 20.9
8.663339853286743 20.5
8.676067352294922 20.5
8.689216613769531 20.5
8.705105781555176 20.3
8.718027591705322 20.3
8.732165098190308 20.3
8.746777296066284 20.3
8.76310920715332 20.3
8.780257940292358 20.3
8.802088737487793 20.3
8.82300090789795 21.1
8.8380765914917 20.4
8.854162454605103 20.4
8.867182731628418 20.4
8.885082006454468 20.4
8.90303087234497 20.4
8.91812539100647 20.4
8.931971073150635 20.4
