5047 6 0.03 0 0 14
5055 6 0.078 0 0 14
5063 6 0.126 0 0 14
5071 5 0.166 0 0 14
5079 5 0.206 0 0 14
5087 5 0.246 0 0 14
5095 5 0.286 0 0 14
5108 6 0.364 0 0 14
5116 5 0.404 0 0 14
5124 6 0.452 0 0 14
5132 5 0.492 0 0 14
5140 6 0.54 0 0 14
5148 5 0.58 0 0 14
5156 5 0.62 0 0 14
5164 6 0.668 0 0 28
5172 6 0.716 0 0 28
5180 6 0.764 0 0 28
5188 6 0.812 0 0 28
5196 5 0.852 0 0 28
5204 6 0.9 0 0 28
5217 6 0.978 0 0 28
5225 6 1.026 0 0 28
5233 5 1.066 0 0 28
5241 5 1.106 0 0 28
5249 5 1.146 0 0 28
5257 5 1.186 0 0 28
5265 5 1.226 0 0 28
5273 6 1.274 0 0 42
5281 6 1.322 0 0 42
5289 5 1.362 0 0 42
5297 5 1.402 0 0 42
5305 6 1.45 0 0 42
5318 6 1.528 0 0 42
5326 5 1.568 0 0 42
5334 5 1.608 0 0 42
5342 5 1.648 0 0 42
5350 5 1.688 0 0 42
5358 6 1.736 0 0 42
5366 5 1.776 0 0 42
5374 5 1.816 0 0 42
5382 6 1.864 0 0 57
5390 5 1.904 0 0 42
5398 6 1.952 0 0 57
5406 6 2 0 0 57
5419 6 2.078 0 0 57
5427 6 2.126 0 0 57
5435 5 2.166 0 0 57
5443 5 2.206 0 0 57
5451 5 2.246 0 0 57
5459 6 2.294 0 0 57
5467 5 2.334 0 0 57
5475 6 2.382 0 0 57
5483 6 2.43 0 0 71
5491 5 2.47 0 0 57
5499 5 2.51 0 0 57
5507 5 2.55 0 0 71
5515 5 2.59 0 0 71
5528 6 2.668 0 0 71
5536 6 2.716 0 0 71
5544 5 2.756 0 0 71
5552 5 2.796 0 0 71
5560 5 2.836 0 0 71
5568 6 2.884 0 0 71
5576 6 2.932 0 0 71
5584 5 2.972 0 0 71
5592 6 3.02 0 0 71
5600 5 3.06 0 0 71
5608 6 3.108 0 0 85
5616 5 3.148 0 0 85
5629 6 3.226 0 0 85
5637 6 3.274 0 0 85
5645 6 3.322 0 0 85
5653 6 3.37 0 0 85
5661 5 3.41 0 0 85
5669 6 3.458 0 0 85
5677 5 3.498 0 0 85
5685 5 3.538 0 0 85
5693 5 3.578 0 0 85
5701 5 3.618 0 0 85
5709 6 3.666 0 0 100
5717 5 3.706 0 0 85
5730 6 3.784 0 0 100
5738 5 3.824 0 0 100
5746 6 3.872 0 0 100
5754 5 3.912 0 0 100
5762 5 3.952 0 0 100
5770 5 3.992 0 0 100
5778 6 4.04 0 0 100
5786 6 4.088 0 0 100
5794 5 4.128 0 0 100
5802 6 4.176 0 0 100
5810 5 4.216 0 0 100
5818 6 4.264 0 0 100
5831 6 4.342 0 0 100
5839 5 4.382 0 0 100
5847 5 4.422 0 0 100
5855 6 4.47 0 0 100
5863 6 4.518 0 0 100
5871 5 4.558 0 0 100
5879 6 4.606 0 0 100
5887 6 4.654 0 0 100
5895 5 4.694 0 0 100
5903 6 4.742 0 0 100
5911 6 4.79 0 0 100
5919 5 4.83 0 0 100
5932 6 4.908 0 0 100
5940 5 4.948 0 0 100
5948 5 4.988 0 0 100
5956 5 5.028 0 0 100
5964 5 5.068 0 0 100
5972 6 5.116 0 0 100
5980 5 5.156 0 0 100
5988 5 5.196 0 0 100
5996 5 5.236 0 0 100
6004 6 5.284 0 0 100
6012 6 5.332 0 0 100
6025 6 5.41 0 0 100
6033 5 5.45 0 0 100
6041 5 5.49 0 0 100
6049 5 5.53 0 0 100
6057 6 5.578 0 0 100
6065 6 5.626 0 0 100
6073 6 5.674 0 0 100
6081 5 5.714 0 0 100
6089 6 5.762 0 0 100
6097 6 5.81 0 0 100
6105 5 5.85 0 0 100
6113 5 5.89 0 0 100
6126 6 5.968 0 0 100
6134 5 6.008 0 0 100
6142 6 6.056 0 0 100
6150 6 6.104 0 0 100
6158 6 6.152 0 0 100
6166 5 6.192 0 0 100
6174 5 6.232 0 0 100
6182 5 6.272 0 0 100
6190 6 6.32 0 0 100
6198 5 6.36 0 0 100
6206 6 6.408 0 0 100
6214 5 6.448 0 0 100
6227 6 6.526 0 0 100
6235 5 6.566 0 0 100
6243 5 6.606 0 0 100
6251 5 6.646 0 0 100
6259 6 6.694 0 0 100
6267 6 6.742 0 0 100
6275 6 6.79 0 0 100
6283 6 6.838 0 0 100
6291 5 6.878 0 0 100
6299 5 6.918 0 0 100
6307 5 6.958 0 0 100
6315 6 7.006 0 0 100
6328 6 7.084 0 0 100
6336 6 7.132 0 0 100
6344 5 7.172 0 0 100
6352 5 7.212 0 0 100
6360 5 7.252 0 0 100
6368 6 7.3 0 0 100
6376 6 7.348 0 0 100
6384 6 7.396 0 0 100
6392 6 7.444 0 0 100
6400 5 7.484 0 0 100
6408 6 7.532 0 0 100
6421 6 7.61 0 0 100
6429 5 7.65 0 0 100
6437 5 7.69 0 0 100
6445 6 7.738 0 0 100
6453 6 7.786 0 0 100
6461 6 7.834 0 0 100
6469 6 7.882 0 0 100
6477 5 7.922 0 0 100
6485 6 7.97 0 0 100
6493 6 8.018 0 0 100
6501 5 8.058 0 0 100
6509 6 8.106 0 0 100
6522 6 8.184 0 0 100
6530 5 8.224 0 0 100
6538 5 8.264 0 0 100
6546 5 8.304 0 0 100
6554 6 8.352 0 0 100
6562 6 8.4 0 0 100
6570 6 8.448 0 0 100
6578 5 8.488 0 0 100
6586 6 8.536 0 0 100
6594 5 8.576 0 0 100
6602 5 8.616 0 0 100
6610 5 8.656 0 0 100
6623 6 8.734 0 0 100
6631 5 8.774 0 0 100
6639 5 8.814 0 0 100
6647 5 8.854 0 0 100
6655 5 8.894 0 0 100
6663 6 8.942 0 0 100
6671 5 8.982 0 0 100
6679 5 9.022 0 0 100
6687 6 9.07 0 0 100
6695 6 9.118 0 0 100
6703 5 9.158 0 0 100
6711 6 9.206 0 0 100
6724 6 9.284 0 0 100
6732 6 9.332 0 0 100
6740 6 9.38 0 0 100
6748 5 9.42 0 0 100
6756 5 9.46 0 0 100
6764 5 9.5 0 0 100
6772 5 9.54 0 0 100
6780 5 9.58 0 0 100
6788 5 9.62 0 0 100
6796 6 9.668 0 0 100
6804 6 9.716 0 0 100
6812 6 9.764 0 0 100
6825 6 9.842 0 0 100
6833 5 9.882 0 0 100
6841 6 9.93 0 0 100
6849 5 9.97 0 0 100
6857 6 10.018 0 0 100
6865 5 10.058 0 0 100
6873 6 10.106 0 0 100
6881 5 10.146 0 0 100
6889 5 10.186 0 0 100
6897 6 10.234 0 0 100
6905 5 10.274 0 0 100
6918 6 10.352 0 0 100
6926 5 10.392 0 0 100
6934 5 10.432 0 0 100
6942 5 10.472 0 0 100
6950 6 10.52 0 0 100
6958 6 10.568 0 0 100
6966 6 10.616 0 0 100
6974 6 10.664 0 0 100
6982 5 10.704 0 0 100
6990 5 10.744 0 0 100
6998 5 10.784 0 0 100
7011 6 10.862 0 0 100
7019 5 10.902 0 0 100
7027 6 10.95 0 0 100
7035 5 10.99 0 0 100
7043 6 11.038 0 0 100
7051 5 11.078 0 0 100
7059 5 11.118 0 0 100
7067 5 11.158 0 0 100
7075 6 11.206 0 0 100
7083 6 11.254 0 0 100
7091 5 11.294 0 0 100
7104 6 11.372 0 0 100
7112 6 11.42 0 0 100
7120 5 11.46 0 0 100
7128 5 11.5 0 0 100
7136 5 11.54 0 0 100
7144 6 11.588 0 0 100
7152 6 11.636 0 0 100
7160 5 11.676 0 0 100
7168 6 11.724 0 0 100
7176 5 11.764 0 0 100
7184 6 11.812 0 0 100
7192 5 11.852 0 0 100
7205 6 11.93 0 0 100
7213 5 11.97 0 0 100
7221 5 12.01 0 0 100
7229 5 12.05 0 0 100
7237 6 12.098 0 0 100
7245 6 12.146 0 0 100
7253 6 12.194 0 0 100
7261 5 12.234 0 0 100
7269 5 12.274 0 0 100
7277 6 12.322 0 0 100
7285 5 12.362 0 0 100
7298 6 12.44 0 0 100
7306 6 12.488 0 0 100
7314 5 12.528 0 0 100
7322 5 12.568 0 0 100
7330 5 12.608 0 0 100
7338 5 12.648 0 0 100
7346 5 12.688 0 0 100
7354 6 12.736 0 0 100
7362 5 12.776 0 0 100
7370 5 12.816 0 0 100
7378 5 12.856 0 0 100
7391 6 12.934 0 0 100
7399 5 12.974 0 0 100
7407 5 13.014 0 0 100
7415 6 13.062 0 0 100
7423 5 13.102 0 0 100
7431 6 13.15 0 0 100
7439 6 13.198 0 0 100
7447 5 13.238 0 0 100
7455 5 13.278 0 0 100
7463 5 13.318 0 0 100
7471 6 13.366 0 0 100
7484 6 13.444 0 0 100
7492 5 13.484 0 0 100
7500 6 13.532 0 0 100
7508 5 13.572 0 0 100
7516 5 13.612 0 0 100
7524 5 13.652 0 0 100
7532 6 13.7 0 0 100
7540 6 13.748 0 0 100
7548 5 13.788 0 0 100
7556 6 13.836 0 0 100
7564 5 13.876 0 0 100
7572 5 13.916 0 0 100
7585 6 13.994 0 0 100
7593 5 14.034 0 0 100
7601 6 14.082 0 0 100
7609 5 14.122 0 0 100
7617 5 14.162 0 0 100
7625 6 14.21 0 0 100
7633 5 14.25 0 0 100
7641 5 14.29 0 0 100
7649 5 14.33 0 0 100
7657 6 14.378 0 0 100
7665 5 14.418 0 0 100
7678 6 14.496 0 0 100
7686 5 14.536 0 0 100
7694 5 14.576 0 0 100
7702 5 14.616 0 0 100
7710 5 14.656 0 0 100
7718 5 14.696 0 0 100
7726 6 14.744 0 0 100
7734 6 14.792 0 0 100
7742 6 14.84 0 0 100
7750 5 14.88 0 0 100
7758 5 14.92 0 0 100
7771 6 14.998 0 0 100
7779 5 15.038 0 0 100
7787 6 15.086 0 0 100
7795 5 15.126 0 0 100
7803 5 15.166 0 0 100
7811 6 15.214 0 0 100
7819 5 15.254 0 0 100
7827 6 15.302 0 0 100
7835 5 15.342 0 0 100
7843 6 15.39 0 0 100
7851 6 15.438 0 0 100
7864 6 15.516 0 0 100
7872 6 15.564 0 0 100
7880 6 15.612 0 0 100
7888 6 15.66 0 0 100
7896 5 15.7 0 0 100
7904 6 15.748 0 0 100
7912 5 15.788 0 0 100
7920 5 15.828 0 0 100
7928 5 15.868 0 0 100
7936 5 15.908 0 0 100
7944 5 15.948 0 0 100
7952 5 15.988 0 0 100
7965 6 16.066 0 0 100
7973 5 16.106 0 0 100
7981 5 16.146 0 0 100
7989 6 16.194 0 0 100
7997 6 16.242 0 0 100
8005 5 16.282 0 0 100
8013 6 16.33 0 0 100
8021 6 16.378 0 0 100
8029 5 16.418 0 0 100
8037 6 16.466 0 0 100
8045 5 16.506 0 0 100
8058 6 16.584 0 0 100
8066 5 16.624 0 0 100
8074 5 16.664 0 0 100
8082 5 16.704 0 0 100
8090 5 16.744 0 0 100
8098 5 16.784 0 0 100
8106 5 16.824 0 0 100
8114 6 16.872 0 0 100
8122 5 16.912 0 0 100
8130 5 16.952 0 0 100
8138 6 17 0 0 100
8151 6 17.078 0 0 100
8159 6 17.126 0 0 100
8167 5 17.166 0 0 100
8175 5 17.206 0 0 100
8183 6 17.254 0 0 100
8191 6 17.302 0 0 100
8199 6 17.35 0 0 100
8207 5 17.39 0 0 100
8215 5 17.43 0 0 100
8223 5 17.47 0 0 100
8231 6 17.518 0 0 100
8244 6 17.596 0 0 100
8252 6 17.644 0 0 100
8260 5 17.684 0 0 100
8268 6 17.732 0 0 100
8276 6 17.78 0 0 100
8284 5 17.82 0 0 100
8292 5 17.86 0 0 100
8300 5 17.9 0 0 100
8308 5 17.94 0 0 100
8316 5 17.98 0 0 100
8324 5 18.02 0 0 100
8332 5 18.06 0 0 100
8345 6 18.138 0 0 100
8353 5 18.178 0 0 100
8361 5 18.218 0 0 100
8369 6 18.266 0 0 100
8377 6 18.314 0 0 100
8385 5 18.354 0 0 100
8393 6 18.402 0 0 100
8401 6 18.45 0 0 100
8409 6 18.498 0 0 100
8417 5 18.538 0 0 100
8425 5 18.578 0 0 100
8438 6 18.656 0 0 100
8446 5 18.696 0 0 100
8454 5 18.736 0 0 100
8462 5 18.776 0 0 100
8470 6 18.824 0 0 100
8478 5 18.864 0 0 100
8486 5 18.904 0 0 100
8494 5 18.944 0 0 100
8502 6 18.992 0 0 100
8510 5 19.032 0 0 100
8518 5 19.0721 0 0 100
8531 6 19.15 0 0 100
8539 6 19.198 0 0 100
8547 6 19.246 0 0 100
8555 6 19.2941 0 0 100
8563 5 19.3341 0 0 100
8571 5 19.3741 0 0 100
8579 6 19.4221 0 0 100
8587 5 19.4621 0 0 100
8595 5 19.5021 0 0 100
8603 5 19.5421 0 0 100
8611 6 19.5901 0 0 100
8624 6 19.6681 0 0 100
8632 6 19.7161 0 0 100
8640 6 19.7641 0 0 100
8648 6 19.8121 0 0 100
8656 6 19.8601 0 0 100
8664 5 19.9001 0 0 100
8672 5 19.9401 0 0 100
8680 5 19.9801 0 0 100
8688 5 20.0201 0 0 100
8696 5 20.0601 0 0 100
8704 6 20.1081 0 0 100
8717 7 20.1991 0 0 100
8725 6 20.2471 0 0 100
8733 5 20.2871 0 0 100
8741 5 20.3271 0 0 100
8749 5 20.3671 0 0 100
8757 5 20.4071 0 0 100
8765 6 20.4551 0 0 100
8773 5 20.4951 0 0 100
8781 6 20.5431 0 0 100
8789 5 20.5831 0 0 100
8802 6 20.6611 0 0 100
8810 5 20.7011 0 0 100
8818 5 20.7411 0 0 100
8826 6 20.7891 0 0 100
8834 6 20.8371 0 0 100
8842 5 20.