5093 -0.135 -0.0007 0 0 0
5101 0.865 0.0062 0 0 0
5109 0.865 0.0132 0 0 0
5117 -0.135 0.0121 0 0 0
5125 -0.135 0.011 0 0 0
5133 -0.135 0.0099 0 0 0
5146 0.865 0.0212 0 0 0
5154 -0.135 0.0201 0 0 0
5162 -0.135 0.019 0 0 0
5170 -0.135 0.0179 0 0 0
5178 -0.135 0.0168 0 0 0
5186 -0.135 0.0158 0 0 0
5194 -0.135 0.0147 0 0 0
5202 -0.135 0.0136 0 0 0
5210 -0.135 0.0125 0 0 0
5218 0.865 0.0194 0 0 0
5231 0.865 0.0307 0 0 0
5239 -0.135 0.0296 0 0 0
5247 -0.135 0.0285 0 0 0
5255 -0.135 0.0275 0 0 0
5263 -0.135 0.0264 0 0 0
5271 0.865 0.0333 0 0 0
5279 -0.135 0.0322 0 0 0
5287 -0.135 0.0311 0 0 0
5295 0.865 0.0381 0 0 0
5303 -0.135 0.037 0 0 0
5316 0.865 0.0482 0 0 0
5324 0.865 0.0551 0 0 0
5332 0.865 0.0621 0 0 0
5340 -0.135 0.061 0 0 0
5348 -0.135 0.0599 0 0 0
5356 -0.135 0.0588 0 0 0
5364 -0.135 0.0577 0 0 0
5372 0.865 0.0647 0 0 0
5380 -0.135 0.0636 0 0 0
5388 0.865 0.0705 0 0 0
5401 0.865 0.0817 0 0 0
5409 -0.135 0.0807 0 0 0
5417 1.865 0.0956 0 0 0
5425 -0.135 0.0945 0 0 0
5433 -0.135 0.0934 0 0 0
5441 -0.135 0.0923 0 0 0
5449 -0.135 0.0913 0 0 0
5457 -0.135 0.0902 0 0 0
5465 -0.135 0.0891 0 0 0
5473 -0.135 0.088 0 0 0
5486 0.865 0.0993 0 0 0
5494 0.865 0.1062 0 0 0
5502 -0.135 0.1051 0 0 0
5510 -0.135 0.104 0 0 0
5518 -0.135 0.1029 0 0 0
5526 -0.135 0.1019 0 0 0
5534 -0.135 0.1008 0 0 0
5542 -0.135 0.0997 0 0 0
5550 -0.135 0.0986 0 0 0
5558 -0.135 0.0975 0 0 0
5571 0.865 0.1088 0 0 0
5579 0.865 0.1157 0 0 0
5587 -0.135 0.1146 0 0 0
5595 -0.135 0.1136 0 0 0
5603 -0.135 0.1125 0 0 0
5611 -0.135 0.1114 0 0 0
5619 -0.135 0.1103 0 0 0
5627 -0.135 0.1092 0 0 0
5635 -0.135 0.1082 0 0 0
5643 -0.135 0.1071 0 0 0
5656 0.865 0.1183 0 0 0
5664 -0.135 0.1172 0 0 0
5672 -0.135 0.1162 0 0 0
5680 -0.135 0.1151 0 0 0
5688 -0.135 0.114 0 0 0
5696 -0.135 0.1129 0 0 0
5704 -0.135 0.1118 0 0 0
5712 -0.135 0.1108 0 0 0
5720 -0.135 0.1097 0 0 0
5728 -0.135 0.1086 0 0 0
5741 0.865 0.1198 0 0 0
5749 -0.135 0.1188 0 0 0
5757 -0.135 0.1177 0 0 0
5765 -0.135 0.1166 0 0 0
5773 -0.135 0.1155 0 0 0
5781 -0.135 0.1144 0 0 0
5789 -0.135 0.1134 0 0 0
5797 0.865 0.1203 0 0 0
5805 0.865 0.1272 0 0 0
5813 -0.135 0.1261 0 0 0
5826 0.865 0.1374 0 0 0
5834 -0.135 0.1363 0 0 0
5842 -0.135 0.1352 0 0 0
5850 -0.135 0.1341 0 0 0
5858 -0.135 0.133 0 0 0
5866 -0.135 0.132 0 0 0
5874 -0.135 0.1309 0 0 0
5882 -0.135 0.1298 0 0 0
5890 -0.135 0.1287 0 0 0
5898 -0.135 0.1276 0 0 0
5911 0.865 0.1389 0 0 0
5919 0.865 0.1458 0 0 0
5927 -0.135 0.1447 0 0 0
5935 -0.135 0.1437 0 0 0
5943 -0.135 0.1426 0 0 0
5951 0.865 0.1495 0 0 0
5959 -0.135 0.1484 0 0 0
5967 -0.135 0.1473 0 0 0
5975 -0.135 0.1463 0 0 0
5983 -0.135 0.1452 0 0 0
5996 -0.135 0.1434 0 0 0
6004 -0.135 0.1423 0 0 0
6012 -0.135 0.1413 0 0 0
6020 -0.135 0.1402 0 0 0
6028 -0.135 0.1391 0 0 0
6036 0.865 0.146 0 0 0
6044 -0.135 0.1449 0 0 0
6052 -0.135 0.1439 0 0 0
6060 -0.135 0.1428 0 0 0
6068 -0.135 0.1417 0 0 0
6081 0.865 0.1529 0 0 0
6089 0.865 0.1599 0 0 0
6097 -0.135 0.1588 0 0 0
6105 -0.135 0.1577 0 0 0
6113 0.865 0.1646 0 0 0
6121 -0.135 0.1635 0 0 0
6129 -0.135 0.1625 0 0 0
6137 -0.135 0.1614 0 0 0
6145 -0.135 0.1603 0 0 0
6153 -0.135 0.1592 0 0 0
6166 0.865 0.1705 0 0 0
6174 -0.135 0.1694 0 0 0
6182 0.865 0.1763 0 0 0
6190 -0.135 0.1752 0 0 0
6198 0.865 0.1821 0 0 0
6206 0.865 0.1891 0 0 0
6214 -0.135 0.188 0 0 0
6222 0.865 0.1949 0 0 0
6230 -0.135 0.1938 0 0 0
6238 -0.135 0.1927 0 0 0
6251 0.865 0.204 0 0 0
6259 0.865 0.2109 0 0 0
6267 0.865 0.2178 0 0 0
6275 0.865 0.2248 0 0 0
6283 0.865 0.2317 0 0 0
6291 0.865 0.2386 0 0 0
6299 0.865 0.2455 0 0 0
6307 -0.135 0.2444 0 0 0
6315 -0.135 0.2434 0 0 0
6323 -0.135 0.2423 0 0 0
6336 0.865 0.2535 0 0 0
6344 0.865 0.2604 0 0 0
6352 -0.135 0.2594 0 0 0
6360 -0.135 0.2583 0 0 0
6368 -0.135 0.2572 0 0 0
6376 -0.135 0.2561 0 0 0
6384 -0.135 0.255 0 0 0
6392 -0.135 0.254 0 0 0
6400 -0.135 0.2529 0 0 0
6408 -0.135 0.2518 0 0 0
6421 0.865 0.263 0 0 0
6429 0.865 0.27 0 0 0
6437 -0.135 0.2689 0 0 0
6445 -0.135 0.2678 0 0 0
6453 0.865 0.2747 0 0 0
6461 -0.135 0.2736 0 0 0
6469 -0.135 0.2726 0 0 0
6477 -0.135 0.2715 0 0 0
6485 -0.135 0.2704 0 0 0
6493 -0.135 0.2693 0 0 0
6506 0.865 0.2806 0 0 0
6514 -0.135 0.2795 0 0 0
6522 -0.135 0.2784 0 0 0
6530 -0.135 0.2773 0 0 0
6538 -0.135 0.2762 0 0 0
6546 -0.135 0.2752 0 0 0
6554 -0.135 0.2741 0 0 0
6562 -0.135 0.273 0 0 0
6570 -0.135 0.2719 0 0 0
6578 -0.135 0.2708 0 0 0
6591 0.865 0.2821 0 0 0
6599 -0.135 0.281 0 0 0
6607 -0.135 0.2799 0 0 0
6615 -0.135 0.2789 0 0 0
6623 -0.135 0.2778 0 0 0
6631 0.865 0.2847 0 0 0
6639 -0.135 0.2836 0 0 0
6647 -0.135 0.2825 0 0 0
6655 -0.135 0.2815 0 0 0
6663 -0.135 0.2804 0 0 0
6676 0.865 0.2916 0 0 0
6684 -0.135 0.2905 0 0 0
6692 0.865 0.2975 0 0 0
6700 -0.135 0.2964 0 0 0
6708 -0.135 0.2953 0 0 0
6716 -0.135 0.2942 0 0 0
6724 -0.135 0.2931 0 0 0
6732 0.865 0.3001 0 0 0
6740 0.865 0.307 0 0 0
6748 -0.135 0.3059 0 0 0
6761 0.865 0.3171 0 0 0
6769 -0.135 0.3161 0 0 0
6777 -0.135 0.315 0 0 0
6785 -0.135 0.3139 0 0 0
6793 -0.135 0.3128 0 0 0
6801 -0.135 0.3117 0 0 0
6809 0.865 0.3187 0 0 0
6817 -0.135 0.3176 0 0 0
6825 -0.135 0.3165 0 0 0
6833 -0.135 0.3154 0 0 0
6846 0.865 0.3267 0 0 0
6854 -0.135 0.3256 0 0 0
6862 -0.135 0.3245 0 0 0
6870 -0.135 0.3234 0 0 0
6878 -0.135 0.3223 0 0 0
6886 -0.135 0.3213 0 0 0
6894 -0.135 0.3202 0 0 0
6902 -0.135 0.3191 0 0 0
6910 0.865 0.326 0 0 0
6918 -0.135 0.3249 0 0 0
6931 0.865 0.3362 0 0 0
6939 -0.135 0.3351 0 0 0
6947 -0.135 0.334 0 0 0
6955 -0.135 0.333 0 0 0
6963 0.865 0.3399 0 0 0
6971 -0.135 0.3388 0 0 0
6979 -0.135 0.3377 0 0 0
6987 -0.135 0.3366 0 0 0
6995 -0.135 0.3356 0 0 0
7003 -0.135 0.3345 0 0 0
7016 0.865 0.3457 0 0 0
7024 -0.135 0.3446 0 0 0
7032 -0.135 0.3436 0 0 0
7040 -0.135 0.3425 0 0 0
7048 1.865 0.3574 0 0 0
7056 0.865 0.3643 0 0 0
7064 -0.135 0.3632 0 0 0
7072 -0.135 0.3622 0 0 0
7080 0.865 0.3691 0 0 0
7088 -0.135 0.368 0 0 0
7101 0.865 0.3792 0 0 0
7109 0.865 0.3862 0 0 0
7117 -0.135 0.3851 0 0 0
7125 0.865 0.392 0 0 0
7133 -0.135 0.3909 0 0 0
7141 -0.135 0.3898 0 0 0
7149 -0.135 0.3888 0 0 0
7157 -0.135 0.3877 0 0 0
7165 0.865 0.3946 0 0 0
7173 -0.135 0.3935 0 0 0
7186 0.865 0.4048 0 0 0
7194 -0.135 0.4037 0 0 0
7202 -0.135 0.4026 0 0 0
7210 -0.135 0.4015 0 0 0
7218 -0.135 0.4004 0 0 0
7226 -0.135 0.3994 0 0 0
7234 -0.135 0.3983 0 0 0
7242 -0.135 0.3972 0 0 0
7250 0.865 0.4041 0 0 0
7258 -0.135 0.403 0 0 0
7271 0.865 0.4143 0 0 0
7279 -0.135 0.4132 0 0 0
7287 -0.135 0.4121 0 0 0
7295 -0.135 0.4111 0 0 0
7303 0.865 0.418 0 0 0
7311 0.865 0.4249 0 0 0
7319 -0.135 0.4238 0 0 0
7327 0.865 0.4307 0 0 0
7335 -0.135 0.4297 0 0 0
7343 -0.135 0.4286 0 0 0
7356 0.865 0.4398 0 0 0
7364 -0.135 0.4387 0 0 0
7372 -0.135 0.4377 0 0 0
7380 -0.135 0.4366 0 0 0
7388 -0.135 0.4355 0 0 0
7396 -0.135 0.4344 0 0 0
7404 -0.135 0.4333 0 0 0
7412 -0.135 0.4323 0 0 0
7420 -0.135 0.4312 0 0 0
7428 -0.135 0.4301 0 0 0
7441 0.865 0.4413 0 0 0
7449 -0.135 0.4403 0 0 0
7457 -0.135 0.4392 0 0 0
7465 0.865 0.4461 0 0 0
7473 -0.135 0.445 0 0 0
7481 -0.135 0.4439 0 0 0
7489 -0.135 0.4429 0 0 0
7497 -0.135 0.4418 0 0 0
7505 -0.135 0.4407 0 0 0
7513 0.865 0.4476 0 0 0
7526 0.865 0.4589 0 0 0
7534 -0.135 0.4578 0 0 0
7542 -0.135 0.4567 0 0 0
7550 -0.135 0.4556 0 0 0
7558 -0.135 0.4545 0 0 0
7566 -0.135 0.4535 0 0 0
7574 -0.135 0.4524 0 0 0
7582 -0.135 0.4513 0 0 0
7590 -0.135 0.4502 0 0 0
7598 -0.135 0.4491 0 0 0
7611 0.865 0.4604 0 0 0
7619 -0.135 0.4593 0 0 0
7627 0.865 0.4662 0 0 0
7635 -0.135 0.4652 0 0 0
7643 -0.135 0.4641 0 0 0
7651 0.865 0.471 0 0 0
7659 -0.135 0.4699 0 0 0
7667 -0.135 0.4688 0 0 0
7675 -0.135 0.4678 0 0 0
7683 -0.135 0.4667 0 0 0
7696 0.865 0.4779 0 0 0
7704 -0.135 0.4768 0 0 0
7712 -0.135 0.4758 0 0 0
7720 0.865 0.4827 0 0 0
7728 -0.135 0.4816 0 0 0
7736 -0.135 0.4805 0 0 0
7744 0.865 0.4874 0 0 0
7752 -0.135 0.4864 0 0 0
7760 -0.135 0.4853 0 0 0
7773 0.865 0.4965 0 0 0
7781 -0.135 0.4954 0 0 0
7789 -0.135 0.4944 0 0 0
7797 -0.135 0.4933 0 0 0
7805 -0.135 0.4922 0 0 0
7813 -0.135 0.4911 0 0 0
7821 -0.135 0.49 0 0 0
7829 0.865 0.497 0 0 0
7837 -0.135 0.4959 0 0 0
7845 -0.135 0.4948 0 0 0
7853 0.865 0.5017 0 0 0
7866 0.865 0.513 0 0 0
7874 -0.135 0.5119 0 0 0
7882 0.865 0.5188 0 0 0
7890 -0.135 0.5177 0 0 0
7898 -0.135 0.5166 0 0 0
7906 0.865 0.5236 0 0 14
7914 0.865 0.5305 0 0 14
7922 -0.135 0.5294 0 0 0
7930 0.865 0.5363 0 0 14
7938 -0.135 0.5352 0 0 0
7951 0.865 0.5465 0 0 14
7959 -0.135 0.5454 0 0 0
7967 -0.135 0.5443 0 0 0
7975 -0.135 0.5433 0 0 0
7983 -0.135 0.5422 0 0 0
7991 -0.135 0.5411 0 0 0
7999 -0.135 0.54 0 0 0
8007 -0.135 0.5389 0 0 0
8015 -0.135 0.5379 0 0 0
8028 0.865 0.5491 0 0 14
8036 -0.135 0.548 0 0 0
8044 -0.135 0.5469 0 0 0
8052 -0.135 0.5459 0 0 0
8060 -0.135 0.5448 0 0 0
8068 -0.135 0.5437 0 0 0
8076 -0.135 0.5426 0 0 0
8084 -0.135 0.5415 0 0 0
8092 -0.135 0.5405 0 0 0
8100 0.865 0.5474 0 0 14
8113 0.865 0.5586 0 0 14
8121 -0.135 0.5575 0 0 0
8129 -0.135 0.5565 0 0 0
8137 -0.135 0.5554 0 0 0
8145 -0.135 0.5543 0 0 0
8153 -0.135 0.5532 0 0 0
8161 -0.135 0.5521 0 0 0
8169 -0.135 0.5511 0 0 0
8177 0.865 0.558 0 0 14
8185 -0.135 0.5569 0 0 0
8198 0.865 0.5681 0 0 14
8206 -0.135 0.5671 0 0 0
8214 -0.135 0.566 0 0 0
8222 -0.135 0.5649 0 0 0
8230 -0.135 0.5638 0 0 0
8238 -0.135 0.5627 0 0 0
8246 -0.135 0.5617 0 0 0
8254 -0.135 0.5606 0 0 0
8262 -0.135 0.5595 0 0 0
8270 -0.135 0.5584 0 0 0
8283 0.865 0.5697 0 0 14
8291 -0.135 0.5686 0 0 0
8299 -0.135 0.5675 0 0 0
8307 -0.135 0.5664 0 0 0
8315 -0.135 0.5654 0 0 0
8323 0.865 0.5723 0 0 14
8331 -0.135 0.5712 0 0 0
8339 -0.135 0.5701 0 0 0
8347 -0.135 0.569 0 0 0
8355 -0.135 0.568 0 0 0
8368 0.865 0.5792 0 0 14
8376 -0.135 0.5781 0 0 0
8384 -0.135 0.577 0 0 0
8392 -0.135 0.576 0 0 0
8400 0.865 0.5829 