5096 -1 -0.005 0 0 0
5105 -2 -0.023 0 0 0
5113 -3 -0.047 0 0 0
5121 -3 -0.071 0 0 0
5129 -3 -0.095 0 0 0
5137 -4 -0.127 0 0 0
5145 -4 -0.159 0 0 0
5158 -4 -0.211 0 0 -12
5166 -5 -0.251 0 0 -12
5174 -5 -0.291 0 0 -12
5182 -6 -0.339 0 0 -12
5190 -7 -0.395 0 0 -12
5198 -7 -0.451 -125 -1 -62
5207 -8 -0.523 0 -1 -25
5215 -8 -0.587 -125 -2 -62
5224 -8 -0.659 -222.2222 -4 -100
5233 -7 -0.722 -222.2222 -6 -100
5247 15 -0.512 -285.7143 -10 -62
5256 33 -0.215 -444.4445 -14 -62
5265 41 0.154 -333.3333 -17 0
5274 45 0.559 -444.4445 -21 -12
5283 45 0.964 -333.3333 -24 12
5292 49 1.405 -333.3333 -27 25
5301 34 1.711 -333.3333 -30 0
5310 26 1.945 -111.1111 -31 62
5324 19 2.211 -71.4286 -32 62
5333 22 2.409 0 -32 87
5342 24 2.625 111.1111 -31 100
5351 0 2.625 222.2222 -29 100
5360 -9 2.544 333.3333 -26 100
5369 -11 2.445 444.4445 -22 100
5378 -45 2.04 444.4445 -18 75
5387 -89 1.239 444.4445 -14 -37
5401 -133 -0.623 500 -7 -100
5410 -101 -1.532 222.2222 -5 -100
5419 -81 -2.261 222.2222 -3 -100
5428 -19 -2.432 111.1111 -2 -50
5437 22 -2.234 0 -2 0
5445 30 -1.994 -125 -3 0
5454 23 -1.787 -111.1111 -4 -12
5463 3 -1.76 -111.1111 -5 -62
5477 12 -1.592 -71.4286 -6 -25
5486 14 -1.466 -111.1111 -7 -25
5495 11 -1.367 -222.2222 -9 -62
5504 16 -1.223 -222.2222 -11 -50
5513 39 -0.872 -222.2222 -13 0
5522 63 -0.305 -222.2222 -15 62
5531 81 0.424 -222.2222 -17 100
5540 54 0.91 0 -17 100
5554 -19 0.644 71.4286 -16 0
5563 -27 0.401 111.1111 -15 -12
5572 12 0.509 111.1111 -14 62
5581 32 0.797 111.1111 -13 100
5590 17 0.95 222.2222 -11 100
5599 -8 0.878 333.3333 -8 100
5608 -47 0.455 333.3333 -5 0
5617 -104 -0.481 444.4445 -1 -100
5631 -69 -1.447 285.7143 3 -87
5640 -34 -1.753 111.1111 4 -75
5649 0 -1.753 0 4 -25
5657 15 -1.633 0 4 0
5665 20 -1.473 -125 3 -12
5674 14 -1.347 -111.1111 2 -25
5683 4 -1.311 0 2 -12
5692 6 -1.257 -111.1111 1 -37
5701 6 -1.203 -111.1111 0 -37
5714 9 -1.086 -153.8461 -2 -37
5723 7 -1.023 -111.1111 -3 -37
5732 18 -0.861 -222.2222 -5 -37
5741 48 -0.429 -222.2222 -7 25
5750 61 0.12 -111.1111 -8 100
5759 55 0.615 -222.2222 -10 62
5768 29 0.876 0 -10 75
5777 -5 0.831 111.1111 -9 37
5786 -18 0.669 222.2222 -7 37
5800 18 0.921 214.2857 -4 100
5809 20 1.101 222.2222 -2 100
5818 7 1.164 222.2222 0 100
5827 -39 0.813 444.4445 4 62
5836 -112 -0.195 333.3333 7 -100
5845 -97 -1.068 444.4445 11 -100
5854 -82 -1.806 333.3333 14 -100
5863 -32 -2.094 222.2222 16 -37
5877 11 -1.94 71.4286 17 0
5886 17 -1.787 -111.1111 16 -25
5895 12 -1.679 0 16 0
5903 0 -1.679 0 16 -25
5911 -5 -1.719 -125 15 -75
5920 4 -1.683 0 15 -12
5929 8 -1.611 -222.2222 13 -75
5938 9 -1.53 -111.1111 12 -37
5947 -4 -1.566 -222.2222 10 -100
5961 22 -1.258 -285.7143 6 -62
5970 89 -0.457 -333.3333 3 87
5979 97 0.416 -444.4445 -1 87
5988 85 1.181 -222.2222 -3 100
5997 43 1.568 -111.1111 -4 87
6006 17 1.721 0 -4 62
6015 -14 1.595 111.1111 -3 25
6024 -18 1.433 111.1111 -2 12
6038 13 1.615 142.8571 0 100
6047 11 1.714 222.2222 2 100
6056 -3 1.687 222.2222 4 87
6065 -19 1.516 333.3333 7 87
6074 -78 0.814 333.3333 10 -50
6083 -102 -0.104 444.4445 14 -87
6092 -76 -0.788 333.3333 17 -75
6101 -48 -1.22 222.2222 19 -62
6115 2 -1.192 0 19 -12
6124 25 -0.967 -111.1111 18 0
6133 22 -0.769 0 18 25
6142 1 -0.76 -111.1111 17 -37
6151 -10 -0.85 0 17 -37
6160 5 -0.805 -111.1111 16 -37
6169 18 -0.643 -111.1111 15 0
6178 13 -0.526 -111.1111 14 -12
6187 1 -0.517 -111.1111 13 -37
6201 8 -0.405 -71.4286 12 0
6210 22 -0.207 -222.2222 10 -12
6219 36 0.117 -111.1111 9 37
6228 43 0.504 -111.1111 8 62
6237 30 0.774 0 8 75
6245 2 0.79 0 8 12
6253 -13 0.686 250 10 50
6262 -11 0.587 111.1111 11 12
6271 12 0.695 222.2222 13 100
6285 14 0.891 142.8571 15 87
6294 3 0.918 444.4445 19 100
6303 -50 0.468 333.3333 22 0
6312 -106 -0.486 444.4445 26 -100
6321 -93 -1.323 222.2222 28 -100
6330 -64 -1.899 222.2222 30 -100
6339 -21 -2.088 111.1111 31 -50
6348 18 -1.926 0 31 0
6361 26 -1.588 -76.9231 30 0
6370 7 -1.525 -111.1111 29 -37
6379 -3 -1.552 0 29 -37
6388 5 -1.507 -111.1111 28 -50
6397 10 -1.417 -111.1111 27 -37
6406 10 -1.327 -222.2222 25 -62
6415 2 -1.309 -111.1111 24 -50
6424 8 -1.237 -222.2222 22 -75
6433 49 -0.796 -333.3333 19 0
6447 87 0.422 -285.7143 15 100
6456 69 1.043 -222.2222 13 100
6465 32 1.331 0 13 100
6474 0 1.331 0 13 25
6482 -13 1.227 250 15 62
6491 -8 1.155 111.1111 16 37
6500 19 1.326 222.2222 18 100
6509 20 1.506 222.2222 20 100
6518 9 1.587 333.3333 23 100
6532 -95 0.257 428.5714 29 -75
6541 -127 -0.886 444.4445 33 -100
6550 -80 -1.606 333.3333 36 -100
6559 -65 -2.191 333.3333 39 -87
6568 -9 -2.272 111.1111 40 -25
6577 20 -2.092 -111.1111 39 -25
6586 27 -1.849 0 39 12
6595 23 -1.642 -111.1111 38 -12
6609 2 -1.614 -71.4286 37 -50
6618 6 -1.56 0 37 -12
6627 21 -1.371 -111.1111 36 -12
6636 18 -1.209 -111.1111 35 -12
6645 8 -1.137 -111.1111 34 -37
6654 12 -1.029 -111.1111 33 -25
6663 20 -0.849 -111.1111 32 0
6672 31 -0.57 -111.1111 31 12
6686 49 0.116 -71.4286 30 87
6695 42 0.494 0 30 100
6704 13 0.611 0 30 37
6712 -4 0.579 125 31 37
6721 0 0.579 222.2222 33 75
6730 25 0.804 222.2222 35 100
6739 24 1.02 333.3333 38 100
6748 -4 0.984 333.3333 41 100
6757 -39 0.633 444.4445 45 50
6771 -96 -0.711 500 52 -75
6780 -84 -1.467 444.4445 56 -75
6789 -49 -1.908 333.3333 59 -37
6798 -29 -2.169 222.2222 61 -37
6807 2 -2.151 111.1111 62 0
6816 11 -2.052 0 62 -12
6825 22 -1.854 0 62 12
6834 22 -1.656 0 62 12
6843 27 -1.413 0 62 25
6856 24 -1.101 0 62 25
6865 18 -0.939 0 62 12
6874 11 -0.84 111.1111 63 37
6883 10 -0.75 111.1111 64 37
6892 10 -0.66 0 64 0
6900 16 -0.532 125 65 62
6909 6 -0.478 111.1111 66 37
6918 -4 -0.514 111.1111 67 12
6927 -3 -0.541 222.2222 69 50
6941 -3 -0.583 142.8571 71 25
6950 -3 -0.61 111.1111 72 12
6959 -4 -0.646 222.2222 74 37
6968 -6 -0.7 222.2222 76 37
6977 -6 -0.754 111.1111 77 0
6986 -8 -0.826 222.2222 79 25
6995 -7 -0.889 111.1111 80 0
7004 -4 -0.925 111.1111 81 0
7013 4 -0.889 111.1111 82 25
7027 19 -0.623 71.4286 83 50
7036 22 -0.425 111.1111 84 75
7045 15 -0.29 111.1111 85 62
7054 3 -0.263 222.2222 87 62
7063 -14 -0.389 222.2222 89 25
7072 -27 -0.632 333.3333 92 25
7081 -25 -0.857 222.2222 94 0
7090 -20 -1.037 333.3333 97 25
7104 -11 -1.191 142.8571 99 0
7113 -2 -1.209 222.2222 101 37
7122 3 -1.182 111.1111 102 12
7131 2 -1.164 222.2222 104 50
7140 3 -1.137 222.2222 106 50
7149 1 -1.128 222.2222 108 37
7158 -1 -1.137 222.2222 110 37
7167 -8 -1.209 222.2222 112 25
7181 -13 -1.391 214.2857 115 0
7190 -15 -1.526 222.2222 117 0
7199 -5 -1.571 111.1111 118 0
7208 2 -1.553 222.2222 120 37
7217 15 -1.418 111.1111 121 37
7226 18 -1.256 111.1111 122 50
7235 15 -1.121 222.2222 124 75
7244 8 -1.049 222.2222 126 62
7258 -10 -1.189 214.2857 129 12
7267 -18 -1.351 333.3333 132 25
7276 -26 -1.585 222.2222 134 -12
7285 -25 -1.81 222.2222 136 -12
7294 -7 -1.873 222.2222 138 12
7303 10 -1.783 222.2222 140 50
7312 15 -1.648 111.1111 141 25
7321 19 -1.477 111.1111 142 37
7335 8 -1.365 142.8571 144 25
7344 2 -1.347 222.2222 146 37
7353 4 -1.311 222.2222 148 50
7362 5 -1.266 111.1111 149 12
7371 1 -1.257 222.2222 151 37
7380 -4 -1.293 222.2222 153 25
7389 -1 -1.302 222.2222 155 37
7398 8 -1.23 222.2222 157 62
7412 4 -1.174 214.2857 160 50
7421 -2 -1.192 222.2222 162 37
7430 -12 -1.3 333.3333 165 50
7439 -15 -1.435 222.2222 167 0
7448 -17 -1.588 333.3333 170 25
7457 -16 -1.732 222.2222 172 0
7466 4 -1.696 222.2222 174 37
7475 12 -1.588 111.1111 175 25
7489 12 -1.42 214.2857 178 62
7498 11 -1.321 222.2222 180 62
7507 10 -1.231 222.2222 182 62
7516 8 -1.159 222.2222 184 62
7525 -7 -1.222 222.2222 186 25
7534 -19 -1.393 333.3333 189 25
7543 -20 -1.573 333.3333 192 25
7552 -12 -1.681 222.2222 194 0
7566 6 -1.597 285.7143 198 62
7575 8 -1.525 222.2222 200 50
7584 14 -1.399 222.2222 202 62
7593 13 -1.282 222.2222 204 62
7602 -3 -1.309 333.3333 207 62
7611 -12 -1.417 333.3333 210 37
7620 -15 -1.552 333.3333 213 37
7629 -14 -1.678 333.3333 216 37
7643 -14 -1.874 285.7143 220 12
7652 -6 -1.928 333.3333 223 50
7661 -3 -1.955 222.2222 225 12
7670 1 -1.946 333.3333 228 62
7679 6 -1.892 222.2222 230 37
7688 2 -1.874 222.2222 232 25
7697 -1 -1.883 333.3333 235 62
7706 0 -1.883 222.2222 237 25
7715 0 -1.883 333.3333 240 62
7728 -2 -1.909 230.7692 243 25
7737 -7 -1.972 444.4445 247 75
7746 -9 -2.053 222.2222 249 0
7755 -13 -2.17 444.4445 253 62
7764 -12 -2.278 333.3333 256 25
7773 -11 -2.377 333.3333 259 25
7782 1 -2.368 222.2222 261 12
7791 1 -2.359 333.3333 264 50
7805 9 -2.233 285.7143 268 62
7814 12 -2.125 222.2222 270 50
7823 7 -2.062 333.3333 273 75
7832 -5 -2.107 333.3333 276 50
7841 -13 -2.224 333.3333 279 25
7850 -13 -2.341 333.3333 282 25
7859 -13 -2.458 333.3333 285 12
7868 -2 -2.476 333.3333 288 37
7882 11 -2.322 285.7143 292 62
7891 19 -2.151 222.2222 294 62
7900 13 -2.034 333.3333 297 87
7909 3 -2.007 222.2222 299 25
7918 -15 -2.142 444.4445 303 50
7927 -18 -2.304 333.3333 306 12
7936 -12 -2.412 333.3333 309 25
7945 -4 -2.448 222.2222 311 0
7959 18 -2.196 285.7143 315 75
7968 19 -2.025 222.2222 317 62
7977 26 -1.791 333.3333 320 100
7986 23 -1.584 222.2222 322 87
7995 6 -1.53 444.4445 326 100
8004 -9 -1.611 333.3333 329 50
8013 -26 -1.845 555.5556 334 75
8022 -28 -2.097 444.4445 338 25
8036 -26 -2.461 500 345 37
8045 -16 -2.605 333.3333 348 12
8054 -6 -2.659 444.4445 352 62
8063 8 -2.587 333.3333 355 62
8072 13 -2.47 444.4445 359 100
8081 4 -2.434 333.3333 362 62
8090 -3 -2.461 444.4445 366 75
8099 -18 -2.623 444.4445 370 37
8113 -22 -2.931 500 377 37
8122 -18 -3.093 444.4445 381 25
8131 -2 -3.111 444.4445 385 62
8140 5 -3.066 333.3333 388 50
8149 6 -3.012 333.3333 391 50
8158 8 -2.94 444.4445 395 87
8167 -11 -3.039 333.3333 398 12
8176 -6 -3.093 444.4445 402 62
8190 -5 -3.163 428.5714 408 50
8199 8 -3.091 333.3333 411 50
8208 12 -2.983 333.3333 414 62
8217 -2 -3.001 