0 0
0.006233930587768555 0
0.019495248794555664 -1
0.03210616111755371 -3
0.04362654685974121 -5
0.05536150932312012 -8
0.06729674339294434 -11
0.07995343208312988 -15
0.09189248085021973 -19
0.10357809066772461 -23
0.11537623405456543 -27
0.12734293937683105 -32
0.14000391960144043 -37
0.15194177627563477 -42
0.16401267051696777 -47
0.17565536499023438 -52
0.1875169277191162 -57
0.20041894912719727 -63
0.2123396396636963 -67
0.2249162197113037 -73
0.2368156909942627 -78
0.2494215965270996 -84
0.26145124435424805 -89
0.27337121963500977 -94
0.28528857231140137 -99
0.29730749130249023 -105
0.30995702743530273 -110
0.3221454620361328 -115
0.33400702476501465 -121
0.3456153869628906 -126
0.3575551509857178 -131
0.3707153797149658 -137
0.38263511657714844 -142
0.3945803642272949 -147
0.406541109085083 -153
0.41898584365844727 -158
0.4311385154724121 -164
0.4432394504547119 -169
0.4549984931945801 -174
0.46715402603149414 -179
0.47995996475219727 -185
0.4920387268066406 -191
0.5036032199859619 -196
0.5153374671936035 -201
0.5280306339263916 -207
0.5407087802886963 -212
0.5531063079833984 -218
0.5656478404998779 -223
0.5800597667694092 -230
0.5927069187164307 -235
0.605093240737915 -241
0.6180233955383301 -247
0.6324813365936279 -253
0.6443576812744141 -258
0.6562983989715576 -263
0.6688811779022217 -269
0.6815714836120605 -275
0.6935479640960693 -280
0.7053041458129883 -285
0.7172207832336426 -290
0.7300608158111572 -296
0.7420768737792969 -301
0.7539327144622803 -307
0.7700896263122559 -315
0.7836213111877441 -320
0.795595645904541 -325
0.8074724674224854 -330
0.8193709850311279 -335
0.831425666809082 -341
0.8433434963226318 -346
0.8552396297454834 -351
0.8671226501464844 -357
0.8796417713165283 -363
0.8925375938415527 -368
0.9067814350128174 -375
0.9219164848327637 -381
0.933631420135498 -386
0.9454338550567627 -391
0.9574074745178223 -397
0.9699721336364746 -402
0.9820773601531982 -407
0.9939391613006592 -413
1.00553297996521 -418
1.0174267292022705 -423
1.0300168991088867 -429
1.041945457458496 -434
1.0541934967041016 -439
1.0660357475280762 -445
1.0777688026428223 -450
1.0894391536712646 -455
1.1022460460662842 -461
1.113919973373413 -466
1.1253509521484375 -471
1.1370625495910645 -476
1.1496050357818604 -482
1.1619319915771484 -487
1.1736512184143066 -493
1.185469388961792 -498
1.1974413394927979 -503
1.2104146480560303 -509
1.2222049236297607 -514
1.2339987754821777 -519
1.2456276416778564 -525
1.2576172351837158 -530
1.2704277038574219 -535
1.2823762893676758 -541
1.2944839000701904 -546
1.3064792156219482 -551
1.3191568851470947 -557
1.3311731815338135 -562
1.3430256843566895 -568
1.3556575775146484 -573
1.3675594329833984 -579
1.380420446395874 -584
1.3923494815826416 -589
1.4040939807891846 -595
1.415907382965088 -600
1.4275565147399902 -605
1.4403460025787354 -611
1.4521470069885254 -616
1.4644989967346191 -621
