0 0
0.007052421569824219 0
0.019887208938598633 -1
0.03172945976257324 -3
0.04353809356689453 -6
0.05681610107421875 -10
0.06876087188720703 -15
0.08045387268066406 -19
0.09239006042480469 -25
0.1044003963470459 -31
0.11690568923950195 -37
0.1288142204284668 -43
0.14054203033447266 -49
0.15238213539123535 -56
0.16438078880310059 -63
0.17714571952819824 -70
0.18976497650146484 -77
0.20175838470458984 -84
0.2138350009918213 -91
0.22652840614318848 -98
0.2385251522064209 -105
0.2510972023010254 -113
0.26311206817626953 -119
0.27588415145874023 -127
0.2880072593688965 -135
0.29999876022338867 -141
0.3120274543762207 -149
0.323991060256958 -156
0.3368701934814453 -163
0.3488776683807373 -170
0.36086440086364746 -177
0.372849702835083 -185
0.3854234218597412 -192
0.39759087562561035 -199
0.40952491760253906 -206
0.42150449752807617 -213
0.4335181713104248 -221
0.4464569091796875 -229
0.45851731300354004 -235
0.4703991413116455 -243
0.4820873737335205 -250
0.4944267272949219 -257
0.5071878433227539 -265
0.5191667079925537 -271
0.531179666519165 -279
0.5431172847747803 -287
0.5571441650390625 -294
0.5692012310028076 -301
0.5811491012573242 -309
0.5931200981140137 -315
0.606856107711792 -324
0.6188814640045166 -331
0.6308107376098633 -338
0.642824649810791 -345
0.6563498973846436 -353
0.6683859825134277 -361
0.6801395416259766 -367
0.6920535564422607 -375
0.7040379047393799 -382
0.7171809673309326 -389
0.7292258739471436 -397
0.741131067276001 -404
0.75319504737854 -411
0.7659468650817871 -421
0.7823770046234131 -428
0.7942996025085449 -436
0.8078727722167969 -444
0.8199031352996826 -451
0.8317234516143799 -458
0.8437249660491943 -465
0.8564293384552002 -473
0.8685297966003418 -479
0.8803589344024658 -487
0.8920993804931641 -494
0.9043612480163574 -501
0.9171757698059082 -509
0.9305610656738281 -517
0.9425075054168701 -523
0.9543685913085938 -531
0.966132640838623 -538
0.9783003330230713 -545
0.9899954795837402 -552
1.0018641948699951 -559
1.0138731002807617 -567
1.0279898643493652 -575
1.0400826930999756 -582
1.0519919395446777 -589
1.0638604164123535 -596
1.0758161544799805 -603
1.0879051685333252 -610
1.0998923778533936 -618
1.1127712726593018 -625
1.1253149509429932 -632
1.137354850769043 -639
1.149406909942627 -647
1.161996603012085 -654
1.1743659973144531 -662
1.1879355907440186 -670
1.2005152702331543 -677
1.2139697074890137 -686
1.2278954982757568 -694
1.2404561042785645 -701
1.252950668334961 -709
1.2656795978546143 -716
1.2785332202911377 -724
1.290424108505249 -731
1.3020174503326416 -738
1.3157293796539307 -746
1.3278782367706299 -753
1.3398723602294922 -761
1.3517391681671143 -767
1.3653101921081543 -775
1.3774404525756836 -783
1.3894405364990234 -790
1.401322603225708 -797
1.4134609699249268 -804
1.4260687828063965 -812
1.4383630752563477 -819
1.4501073360443115 -826
1.4620716571807861 -833
1.4743821620941162 -841
