0 0
0.007345438003540039 0
0.01996302604675293 -1
0.031954050064086914 -2
0.04462742805480957 -3
0.05673050880432129 -5
0.06870269775390625 -8
0.08057737350463867 -10
0.09253883361816406 -13
0.10597562789916992 -16
0.11788463592529297 -19
0.12975692749023438 -22
0.14238262176513672 -25
0.15507721900939941 -29
0.16716837882995605 -32
0.17876887321472168 -35
0.19069623947143555 -39
0.2027587890625 -42
0.2155606746673584 -46
0.22750568389892578 -49
0.23919391632080078 -52
0.25080037117004395 -56
0.26270437240600586 -59
0.27551960945129395 -62
0.28749847412109375 -66
0.29953885078430176 -70
0.3115816116333008 -73
0.3240528106689453 -76
0.3361210823059082 -80
0.34809398651123047 -84
0.35993218421936035 -87
0.3718578815460205 -90
0.3845865726470947 -94
0.39664340019226074 -98
0.4085812568664551 -101
0.4203910827636719 -104
0.43221068382263184 -108
0.44586753845214844 -112
0.45942211151123047 -116
0.4715418815612793 -119
0.4840078353881836 -122
0.5059189796447754 -129
0.5179107189178467 -132
0.5299122333526611 -136
0.5418832302093506 -139
0.5545670986175537 -143
0.5747470855712891 -149
0.5874037742614746 -152
0.5991113185882568 -156
0.6106960773468018 -159
0.6225230693817139 -162
0.635178804397583 -166
0.6472673416137695 -170
0.6590979099273682 -173
0.6706874370574951 -176
0.6826198101043701 -180
0.6952075958251953 -184
0.7072653770446777 -187
0.7195699214935303 -190
0.7315759658813477 -194
0.7441480159759521 -198
0.7562365531921387 -201
0.7681119441986084 -204
0.7799549102783203 -208
0.791898250579834 -211
0.8045997619628906 -215
0.8166396617889404 -218
0.828606128692627 -222
0.8404984474182129 -226
0.8525078296661377 -229
0.8651266098022461 -232
0.8771712779998779 -236
0.8887581825256348 -239
0.9017009735107422 -243
0.9143855571746826 -247
0.926429033279419 -250
0.9382266998291016 -254
0.950078010559082 -257
0.9620888233184814 -260
0.9746990203857422 -264
0.9867050647735596 -268
1.0000038146972656 -272
1.0131871700286865 -276
1.0266129970550537 -279
1.0392506122589111 -282
1.0516819953918457 -286
1.0651257038116455 -290
1.0771965980529785 -294
1.088775873184204 -297
1.1005213260650635 -300
1.1124961376190186 -304
1.1251306533813477 -308
1.1371891498565674 -311
1.1488003730773926 -314
1.1606850624084473 -318
1.172593355178833 -322
1.185227394104004 -325
1.1972649097442627 -328
1.2090933322906494 -332
1.2207934856414795 -335
1.2327146530151367 -339
1.2455992698669434 -342
1.2575316429138184 -346
1.2693920135498047 -349
1.281179666519165 -352
1.2930293083190918 -356
1.3062665462493896 -360
1.3181476593017578 -363
1.330024242401123 -366
1.34197998046875 -370
1.3545947074890137 -374
1.3666532039642334 -377
1.3785839080810547 -380
1.3904564380645752 -384
1.402392864227295 -388
1.4150843620300293 -391
1.42720365524292 -394
1.4390664100646973 -398
1.4506597518920898 -402
1.4626951217651367 -405
1.4755206108093262 -408
