0 0
0.006512165069580078 0
0.01996755599975586 0
0.03186798095703125 0
0.04382586479187012 -1
0.05645346641540527 -2
0.06849408149719238 -3
0.08035612106323242 -4
0.09293985366821289 -6
0.10485291481018066 -7
0.11768293380737305 -9
0.12939000129699707 -10
0.14132070541381836 -11
0.15294647216796875 -13
0.16484880447387695 -15
0.17770862579345703 -16
0.18975257873535156 -18
0.20203638076782227 -19
0.21397900581359863 -21
0.22660017013549805 -23
0.23862242698669434 -24
0.2505648136138916 -26
0.2623443603515625 -27
0.27429747581481934 -29
0.28685927391052246 -31
0.29894495010375977 -32
0.31087779998779297 -34
0.3226485252380371 -35
0.33532118797302246 -37
0.3480246067047119 -39
0.3599369525909424 -40
0.3718857765197754 -42
0.38381099700927734 -43
0.3969740867614746 -45
0.4092247486114502 -47
0.42092061042785645 -49
0.43322181701660156 -50
0.44523024559020996 -52
0.4577596187591553 -53
0.4696390628814697 -55
0.48131704330444336 -57
0.4929490089416504 -58
0.5048887729644775 -60
0.5176465511322021 -61
0.5293867588043213 -63
0.5412817001342773 -65
0.5528888702392578 -66
0.5648355484008789 -68
0.5773446559906006 -69
0.589425802230835 -71
0.6012389659881592 -73
0.6127996444702148 -74
0.6246912479400635 -76
0.6372971534729004 -77
0.6503896713256836 -79
0.6621749401092529 -81
0.6741068363189697 -83
0.686732292175293 -84
0.700404167175293 -86
0.7122013568878174 -87
0.7242701053619385 -89
0.7367782592773438 -91
0.7488384246826172 -92
0.7608480453491211 -94
0.7726202011108398 -95
0.7845902442932129 -97
0.7973482608795166 -99
0.8093550205230713 -101
0.8213136196136475 -102
0.8328895568847656 -104
0.8448858261108398 -105
0.8578662872314453 -107
0.8698055744171143 -109
0.8818478584289551 -110
0.8938515186309814 -112
0.9065344333648682 -113
0.9186000823974609 -115
0.9303889274597168 -117
0.9421813488006592 -118
0.9548766613006592 -120
0.9678385257720947 -121
0.9798476696014404 -123
0.9917349815368652 -125
1.0043432712554932 -127
1.016838788986206 -128
1.0289123058319092 -130
1.0407991409301758 -131
1.0526378154754639 -133
1.0645811557769775 -135
1.0772645473480225 -136
1.0893371105194092 -138
1.1009554862976074 -139
1.1128511428833008 -141
1.1247823238372803 -143
1.137347936630249 -144
1.1494262218475342 -146
1.161738395690918 -147
1.1736938953399658 -149
1.186208724975586 -151
1.1982812881469727 -153
1.2102761268615723 -154
1.222066879272461 -156
1.2340495586395264 -157
1.2468714714050293 -159
1.258944034576416 -161
1.2708404064178467 -162
1.282625675201416 -164
1.2945270538330078 -165
1.3082072734832764 -167
1.3201420307159424 -169
1.332005262374878 -171
1.3439538478851318 -172
1.356677532196045 -174
1.3686845302581787 -175
1.3805792331695557 -177
1.3924758434295654 -179
1.4043629169464111 -180
1.4169223308563232 -182
1.4289255142211914 -183
1.4408133029937744 -185
1.4526419639587402 -187
