0 0
0.007391929626464844 0
0.022134065628051758 -1
0.0354461669921875 -4
0.04836559295654297 -8
0.06075596809387207 -13
0.07384991645812988 -20
0.08738207817077637 -27
0.09943294525146484 -33
0.11148595809936523 -41
0.12340402603149414 -49
0.13627266883850098 -57
0.14823603630065918 -65
0.1601850986480713 -73
0.17192506790161133 -81
0.1839604377746582 -91
0.19672417640686035 -99
0.20881056785583496 -108
0.2207183837890625 -117
0.23285913467407227 -125
0.24553775787353516 -135
0.25778937339782715 -144
0.2699103355407715 -153
0.2819085121154785 -162
0.293806791305542 -171
0.3066534996032715 -180
0.3186790943145752 -189
0.3313591480255127 -199
0.34337520599365234 -208
0.35631728172302246 -217
0.36827778816223145 -226
0.38029980659484863 -235
0.3929123878479004 -244
0.4058351516723633 -254
0.4179549217224121 -263
0.4298248291015625 -272
0.4419898986816406 -281
0.45380210876464844 -290
0.466646671295166 -299
0.47859954833984375 -308
0.4905729293823242 -317
0.5025801658630371 -326
0.5153570175170898 -336
0.5275299549102783 -345
0.5395324230194092 -354
0.551764726638794 -363
0.5637552738189697 -373
0.5765879154205322 -381
0.5886454582214355 -391
0.6006391048431396 -399
0.612694501876831 -409
0.6253914833068848 -418
0.6375336647033691 -427
0.6497869491577148 -436
0.661447286605835 -445
0.6733946800231934 -455
0.6863276958465576 -463
0.6983599662780762 -473
0.710308313369751 -481
0.722313642501831 -491
0.7350749969482422 -500
0.7479381561279297 -509
0.7597994804382324 -519
0.7714657783508301 -527
0.7834715843200684 -537
0.7965693473815918 -546
0.8086023330688477 -555
0.8205540180206299 -564
0.8325760364532471 -573
0.8452732563018799 -583
0.8583168983459473 -592
0.8702654838562012 -601
0.8822505474090576 -610
0.8950049877166748 -619
0.9082691669464111 -629
0.9202837944030762 -639
0.9322667121887207 -647
0.9449875354766846 -657
0.9579453468322754 -667
0.9697949886322021 -675
0.9814624786376953 -685
0.993474006652832 -694
1.0066003799438477 -703
1.01922607421875 -713
1.0311164855957031 -721
1.0431227684020996 -731
1.0559368133544922 -740
1.0679316520690918 -749
1.0798299312591553 -758
1.0919015407562256 -767
1.1038405895233154 -777
1.1165952682495117 -786
1.1286568641662598 -795
1.1405346393585205 -805
1.1547937393188477 -814
1.1668403148651123 -823
1.1788177490234375 -832
1.1906511783599854 -841
1.203437089920044 -851
1.2163045406341553 -861
1.2282981872558594 -869
1.240264892578125 -879
1.2522809505462646 -888
1.2650175094604492 -897
1.277127981185913 -907
1.2889301776885986 -915
1.3008956909179688 -924
1.3128981590270996 -933
1.3254919052124023 -943
1.3377420902252197 -952
1.3499045372009277 -961
1.3615424633026123 -970
1.3738012313842773 -979
1.386521577835083 -988
1.3985307216644287 -997
1.4105160236358643 -1006
1.4225003719329834 -1015
1.435248613357544 -1025
1.4474289417266846 -1034
1.4594299793243408 -1043
1.4719898700714111 -1053
