0 0
0.0073969364166259766 0
0.0204164981842041 1
0.031998395919799805 3
0.043955087661743164 7
0.057073116302490234 11
0.06911182403564453 17
0.08109545707702637 23
0.09360456466674805 30
0.10638141632080078 38
0.11895132064819336 46
0.13088726997375488 54
0.1428689956665039 63
0.15637946128845215 72
0.16846752166748047 80
0.1800980567932129 89
0.19204974174499512 98
0.2040421962738037 107
0.21710419654846191 116
0.22906970977783203 125
0.24105167388916016 134
0.2531137466430664 144
0.26589512825012207 154
0.27796339988708496 163
0.2899963855743408 172
0.3017904758453369 181
0.31390976905822754 191
0.32687830924987793 200
0.3388488292694092 209
0.35084080696105957 218
0.36292099952697754 228
0.37560248374938965 238
0.3876957893371582 247
0.39974498748779297 256
0.4116935729980469 266
0.42364978790283203 275
0.4363985061645508 285
0.4487793445587158 294
0.46077942848205566 304
0.472827672958374 313
0.48553991317749023 323
0.4976952075958252 332
0.5107159614562988 342
0.5226166248321533 352
0.5343928337097168 361
0.5472655296325684 371
0.5594131946563721 380
0.5713531970977783 389
0.5833785533905029 398
0.5960354804992676 409
0.6085736751556396 418
0.6204516887664795 427
0.6323251724243164 436
0.6443324089050293 446
0.6572535037994385 456
0.6693501472473145 465
0.681206464767456 474
0.6935925483703613 484
0.7064695358276367 494
0.7184953689575195 504
0.7303812503814697 513
0.7421045303344727 522
0.7544331550598145 532
0.7676277160644531 542
0.7810561656951904 552
0.7936780452728271 562
0.8076705932617188 573
0.8203983306884766 582
0.8328874111175537 592
0.8456249237060547 602
0.85770583152771 612
0.8696939945220947 621
0.8816730976104736 630
0.8937067985534668 640
0.9065074920654297 649
0.9184954166412354 658
0.9304122924804688 668
0.9420433044433594 677
0.9554727077484131 687
0.9676029682159424 696
0.979628324508667 706
0.9914999008178711 715
1.0034568309783936 724
1.0171844959259033 735
1.029632806777954 745
1.041614294052124 754
1.0534894466400146 763
1.0672354698181152 774
1.0792090892791748 784
1.0912015438079834 793
1.1032567024230957 802
1.116041660308838 812
1.1280937194824219 822
1.1400134563446045 831
1.151998519897461 840
1.1640253067016602 850
1.1771149635314941 860
1.1891334056854248 869
1.2014098167419434 878
1.2134590148925781 888
1.2263319492340088 898
1.2383520603179932 907
1.2504236698150635 916
1.262458324432373 926
1.2743308544158936 935
1.2871813774108887 945
1.2991747856140137 954
1.3111927509307861 964
1.3232240676879883 973
1.3359427452087402 983
1.3487451076507568 992
1.360814094543457 1002
1.3728525638580322 1011
1.3856263160705566 1021
1.3976483345031738 1030
1.4095020294189453 1040
1.4223034381866455 1050
1.434300184249878 1059
1.4471182823181152 1069
1.4591302871704102 1078
1.471738576889038 1088
