0 0
0.007081747055053711 0
0.020366907119750977 0
0.03194022178649902 0
0.04472708702087402 1
0.05652141571044922 2
0.06828641891479492 3
0.07983803749084473 4
0.09179377555847168 6
0.10433077812194824 7
0.11707258224487305 8
0.12897443771362305 10
0.14098596572875977 11
0.15365266799926758 13
0.1659090518951416 15
0.1778850555419922 16
0.18965792655944824 18
0.20157074928283691 19
0.21428394317626953 21
0.22642922401428223 23
0.2382810115814209 24
0.2498476505279541 26
0.2617347240447998 28
0.27438807487487793 29
0.2863767147064209 31
0.29793715476989746 32
0.30966734886169434 34
0.32155919075012207 36
0.3351311683654785 37
0.34789466857910156 39
0.3604567050933838 41
0.3747289180755615 43
0.38704633712768555 44
0.3993399143218994 46
0.4122641086578369 48
0.4250173568725586 50
0.43695616722106934 51
0.4492661952972412 53
0.46123814582824707 54
0.4738142490386963 56
0.4867706298828125 58
0.49863529205322266 60
0.5103790760040283 61
0.5219285488128662 63
0.5346934795379639 64
0.5466396808624268 66
0.558337926864624 68
0.5699183940887451 69
0.5818874835968018 71
0.5946831703186035 73
0.606666088104248 74
0.6188862323760986 76
0.6308355331420898 78
0.6438186168670654 80
0.6558802127838135 81
0.6677699089050293 83
0.6796417236328125 84
0.6915600299835205 86
0.704218864440918 88
0.716233491897583 89
0.7285706996917725 91
0.7403628826141357 92
0.7519359588623047 94
0.764662504196167 96
0.7764053344726562 97
0.7883808612823486 99
0.7999653816223145 101
0.8118832111358643 102
0.824723482131958 104
0.8364760875701904 106
0.8482706546783447 107
0.8607633113861084 109
0.873192548751831 110
0.8852863311767578 112
0.8972773551940918 114
0.9094102382659912 116
0.9213180541992188 117
0.933851957321167 119
0.9459347724914551 120
0.9588718414306641 122
0.9707989692687988 124
0.9832808971405029 126
0.9953117370605469 127
1.007258653640747 129
1.0190320014953613 130
1.0317277908325195 132
1.044353723526001 134
1.0563924312591553 136
1.067979097366333 137
1.079770803451538 139
1.0917494297027588 140
1.1043572425842285 142
1.116349697113037 144
1.127934455871582 145
1.1396899223327637 147
1.1516244411468506 148
1.1643130779266357 150
1.1762630939483643 152
1.1879305839538574 154
1.1998624801635742 155
1.2117605209350586 157
1.2243568897247314 158
1.2364637851715088 160
1.2482752799987793 162
1.2598516941070557 163
1.2717492580413818 165
1.285104751586914 166
1.2970926761627197 168
1.3089754581451416 170
1.3209450244903564 172
1.333557367324829 173
1.347015380859375 175
1.358973741531372 177
1.3713583946228027 178
1.3838286399841309 180
1.3969216346740723 182
1.4088397026062012 184
1.4207899570465088 185
1.4333064556121826 187
1.4453132152557373 188
1.4579970836639404 190
