0 0
0.007488250732421875 0
0.02042555809020996 1
0.032213449478149414 1
0.04411935806274414 3
0.05681109428405762 5
0.06893777847290039 7
0.08108019828796387 10
0.09290170669555664 13
0.10477924346923828 16
0.11758279800415039 19
0.1295325756072998 22
0.14142417907714844 25
0.15336966514587402 29
0.16600680351257324 32
0.17809128761291504 35
0.19010543823242188 39
0.20194029808044434 42
0.2139427661895752 45
0.22761774063110352 49
0.23961091041564941 53
0.2514913082122803 57
0.2635219097137451 60
0.2769639492034912 64
0.2889821529388428 67
0.30083465576171875 71
0.3124709129333496 74
0.32482266426086426 78
0.33759236335754395 82
0.3496415615081787 85
0.3617541790008545 89
0.37371277809143066 92
0.3870217800140381 96
0.3999674320220947 100
0.4121742248535156 104
0.4250032901763916 107
0.43830418586730957 111
0.45123958587646484 115
0.46317100524902344 119
0.4758307933807373 122
0.4880034923553467 126
0.4998819828033447 129
0.5116767883300781 133
0.5236375331878662 136
0.5363566875457764 140
0.5483906269073486 144
0.5603458881378174 147
0.5722613334655762 151
0.584214448928833 154
0.596949577331543 158
0.6089272499084473 161
0.6209793090820312 165
0.6327645778656006 168
0.6447556018829346 172
0.6573522090911865 175
0.6693339347839355 179
0.6818244457244873 183
0.69382643699646 186
0.7069187164306641 190
0.7189631462097168 194
0.7309424877166748 197
0.7425620555877686 201
0.7544565200805664 205
0.7672708034515381 208
0.7790322303771973 211
0.7908949851989746 215
0.8025007247924805 218
0.8145079612731934 222
0.8273518085479736 225
0.8393239974975586 229
0.8512511253356934 233
0.8632493019104004 236
0.8758718967437744 240
0.8880012035369873 243
0.8999321460723877 247
0.9124493598937988 251
0.924506425857544 255
0.937507152557373 258
0.9495415687561035 261
0.9616408348083496 265
0.9736156463623047 269
0.9869201183319092 273
0.9991042613983154 276
1.0112597942352295 279
1.0232353210449219 283
1.0364570617675781 287
1.0485398769378662 291
1.060546875 294
1.0723950862884521 298
1.0844089984893799 301
1.0972981452941895 305
1.1092028617858887 308
1.1209509372711182 312
1.1328246593475342 315
1.1445014476776123 319
1.1573386192321777 323
1.1693108081817627 326
1.1811933517456055 329
1.193075180053711 333
1.2048254013061523 337
1.217585802078247 340
1.2295794486999512 344
1.2415268421173096 347
1.2535090446472168 351
1.2661209106445312 355
1.2781176567077637 358
1.2908968925476074 362
1.302764654159546 365
1.3144640922546387 369
1.3272244930267334 372
1.3397011756896973 376
1.3516387939453125 379
1.3636486530303955 383
1.376279592514038 387
1.388317584991455 391
1.4003009796142578 394
1.4121623039245605 397
1.4241371154785156 401
1.4369328022003174 405
1.4489247798919678 408
1.4608268737792969 412
