0 0
0.006281852722167969 0
0.01990795135498047 1
0.03186845779418945 3
0.04356122016906738 5
0.05530190467834473 8
0.06723308563232422 11
0.07990431785583496 15
0.09164571762084961 19
0.10352110862731934 23
0.11549687385559082 28
0.12746191024780273 33
0.14001226425170898 38
0.15200114250183105 43
0.16356277465820312 48
0.17644286155700684 53
0.1890726089477539 59
0.2010972499847412 64
0.21301054954528809 69
0.22487258911132812 75
0.23694729804992676 80
0.24952101707458496 86
0.2615675926208496 91
0.2734823226928711 96
0.28530263900756836 102
0.29720044136047363 107
0.30994606018066406 113
0.3218998908996582 118
0.3336482048034668 123
0.3454916477203369 129
0.35738635063171387 134
0.3698923587799072 140
0.38207316398620605 145
0.3938920497894287 151
0.4055171012878418 156
0.417407751083374 161
0.43106698989868164 167
0.4429638385772705 173
0.45473217964172363 178
0.4666614532470703 183
0.4793884754180908 189
0.49153566360473633 195
0.5034229755401611 200
0.5152685642242432 206
0.5272173881530762 211
0.5399641990661621 217
0.5519018173217773 222
0.5635986328125 227
0.5755317211151123 233
0.5874824523925781 239
0.6003100872039795 244
0.6120362281799316 249
0.624046802520752 255
0.6358437538146973 260
0.6475553512573242 266
0.660351037979126 271
0.6720385551452637 277
0.6846301555633545 282
0.6965901851654053 287
0.7092716693878174 294
0.7219040393829346 299
0.7344996929168701 305
0.7464067935943604 310
0.7588527202606201 316
0.772061824798584 322
0.7853131294250488 328
0.797997236251831 334
0.8115599155426025 340
0.8254890441894531 346
0.8391580581665039 352
0.8515088558197021 358
0.8634119033813477 363
0.8760435581207275 369
0.8879194259643555 375
0.9006197452545166 380
0.912543773651123 385
0.9244534969329834 391
0.9369964599609375 397
0.9495329856872559 402
0.96160888671875 408
0.973975419998169 413
0.9855730533599854 419
0.9978365898132324 424
1.0106143951416016 430
1.0230247974395752 435
1.034843921661377 441
1.0467662811279297 446
1.0593945980072021 452
1.0714504718780518 457
1.0834434032440186 463
1.0952560901641846 468
1.1071722507476807 473
1.1199262142181396 479
1.1321055889129639 485
1.1438758373260498 490
1.1556487083435059 496
1.1675631999969482 501
1.1804113388061523 507
1.192305326461792 512
1.2039768695831299 517
1.2156193256378174 523
1.2274951934814453 529
1.2411701679229736 534
1.2530298233032227 540
1.2648334503173828 545
1.2768962383270264 551
1.2894515991210938 557
1.301558256149292 562
1.3134403228759766 567
1.3252983093261719 573
1.3372893333435059 578
1.3499624729156494 584
1.3620021343231201 589
1.3736176490783691 595
1.3855223655700684 600
1.3975110054016113 606
1.4103598594665527 611
1.4220349788665771 617
1.4340307712554932 622
1.4456171989440918 627
1.457538366317749 633
