0 0
0.006714582443237305 0
0.019850492477416992 1
0.031607627868652344 3
0.043607234954833984 6
0.05622148513793945 10
0.06852364540100098 15
0.08023738861083984 20
0.09196066856384277 26
0.10391402244567871 31
0.11666369438171387 38
0.1287250518798828 45
0.14191937446594238 52
0.15465593338012695 59
0.16817593574523926 66
0.18072175979614258 74
0.19309234619140625 80
0.20583724975585938 88
0.21872282028198242 96
0.23029804229736328 103
0.24222183227539062 110
0.2541217803955078 118
0.2670283317565918 124
0.279052734375 132
0.2909111976623535 139
0.3031656742095947 146
0.3159501552581787 154
0.3280057907104492 162
0.33994269371032715 169
0.3518707752227783 176
0.3646578788757324 184
0.3773641586303711 192
0.38930463790893555 199
0.4012794494628906 206
0.4132692813873291 214
0.4259352684020996 221
0.4379115104675293 228
0.44974589347839355 236
0.46163034439086914 243
0.4736595153808594 250
0.48618221282958984 258
0.49825024604797363 266
0.5102176666259766 273
0.5221598148345947 280
0.5340712070465088 288
0.5466506481170654 295
0.5587637424468994 302
0.5706019401550293 310
0.5822505950927734 317
0.5941684246063232 324
0.6070766448974609 332
0.6190152168273926 339
0.6309759616851807 346
0.6426918506622314 354
0.6545498371124268 361
0.6679332256317139 369
0.6798930168151855 376
0.6918096542358398 384
0.7036843299865723 391
0.7166304588317871 399
0.7286930084228516 406
0.7405345439910889 413
0.7521586418151855 420
0.7641820907592773 428
0.7773046493530273 436
0.7896692752838135 443
0.8014564514160156 451
0.8134543895721436 458
0.8261754512786865 466
0.8382430076599121 473
0.8502049446105957 480
0.8621177673339844 488
0.8741519451141357 496
0.8870573043823242 503
0.8990395069122314 510
0.9110107421875 518
0.923058032989502 525
0.9355177879333496 532
0.9478754997253418 540
0.9598433971405029 548
0.9725401401519775 555
0.9845154285430908 563
0.9973022937774658 570
1.0092718601226807 578
1.0219228267669678 586
1.0338542461395264 593
1.0465738773345947 600
1.0586724281311035 608
1.0705978870391846 615
1.082282304763794 622
1.0941674709320068 630
1.107067584991455 637
1.119032859802246 645
1.1310338973999023 652
1.1429638862609863 659
1.155613899230957 667
1.1677303314208984 674
1.179642677307129 682
1.1914575099945068 689
1.2034087181091309 696
1.216151475906372 704
1.228243350982666 712
1.2401275634765625 719
1.251945972442627 726
1.2642114162445068 734
1.2772598266601562 742
1.289247989654541 749
1.3015809059143066 756
1.3135852813720703 764
1.3269965648651123 772
1.3387315273284912 779
1.3505699634552002 786
1.3622021675109863 794
1.3741612434387207 801
1.3870878219604492 809
1.399068832397461 816
1.4109702110290527 823
1.4228484630584717 830
1.4346377849578857 838
1.4473857879638672 846
1.459317684173584 853
