0.0 0.0
0.0 0.0
0.00019198577103580377 -4.1414246301675025e-07
0.0005759501661951939 -2.898981824142271e-06
0.0011518605781822328 -1.035334381191829e-05
0.0017277106905994525 -2.1534496561118163e-05
0.0028790250264704425 -5.880084342853728e-05
0.0038380628861372453 -0.00010020227553554624
0.004988168918054612 -0.00016477468402549447
0.006137342889022429 -0.00024422696555952063
0.007476493375572659 -0.000357154625092855
0.008813786047041933 -0.0004902898674217182
0.010148915991522775 -0.0006436023367970979
0.011481578790224305 -0.0008170570769237309
0.012811470586881818 -0.0010106145389303786
0.014704909718252009 -0.0013280401762303137
0.016026810938937985 -0.0015702257345617536
0.017532553971187304 -0.0018730379200181835
0.019032847368454398 -0.0022017886172722434
0.020713179529660838 -0.0026043294963700382
0.022200411154749137 -0.0029878648821762095
0.02386485510719799 -0.003451741655129942
0.025337025154064784 -0.003889546008621892
0.026983342803152822 -0.004414134923516945
0.028619166293862925 -0.004970585135638873
0.030064479738003604 -0.005490225729717578
0.03167880211928027 -0.006106276523596422
0.033104092100945975 -0.006678557719331223
0.03451929438062884 -0.007275348977987622
0.03627179481783739 -0.008059321552127187
0.03766276361500477 -0.00871059960652101
0.03921308485987947 -0.009473527761080597
0.040748303129563734 -0.01026640870785456
0.042100576424461626 -0.01099463548210436
0.04360569289175371 -0.01184326953233789
0.04509405108421577 -0.012720962657673049
0.04640337624866345 -0.013523848024691483
0.047698651596433404 -0.014349207989971902
0.049137536092018264 -0.015305851465721896
0.05024530604388159 -0.01606672097862414
0.0516503221967753 -0.01707244705536536
0.052883612686674124 -0.01798784416392176
0.05410092314166163 -0.018924387038010495
0.05574370022752097 -0.02025148427984046
0.056921614150245076 -0.02123711914604649
0.05808234423768191 -0.02224293372286826
0.05922554482075443 -0.023268628475555872
0.06048900218423958 -0.024447284838532247
0.06186426886960094 -0.02578687892763326
0.06294582521058313 -0.026877380271103077
0.06413853051066776 -0.02812758401389044
0.06517937830985279 -0.02925700561708385
0.06644968359532635 -0.030696517777892895
0.06768864333036216 -0.03216309527478119
0.06877787319900057 -0.033504413143369945
0.06984085863896689 -0.03486662358443591
0.07076469899873035 -0.03609360210441921
0.07188614865748416 -0.03765187725416014
0.07276166270587373 -0.03891379343596494
0.07371887045122119 -0.04035230261687981
0.07464797186144882 -0.04180912309341166
0.0754513706955797 -0.043118133258439204
0.07651302821660073 -0.04494372547773592
0.07735249668241048 -0.04645397314823256
0.07816248833364492 -0.04798023290864691
0.07894269788070217 -0.04952192950461196
0.07969283125899328 -0.05107848186354601
0.08041260573977645 -0.05264930331366146
0.08110175003671889 -0.054233801805084296
0.08182931295767502 -0.05601046242981513
0.08238674971037953 -0.05744162334514314
0.08310631955297514 -0.05942710134419632
0.0836046472845062 -0.060879900976222485
0.08418824125654391 -0.06270891405852136
0.08468142068916096 -0.06436491205929702
0.08518958194009664 -0.06621630151656059
0.08561449376197794 -0.06789111651379313
0.08596644699659776 -0.0693861369883917
0.08632966888494623 -0.07107540463774573
0.08666002837268519 -0.07277140520973573
0.08695740094579489 -0.07447349947389727
0.08722167452317632 -0.0761810459030252
0.08745274949889516 -0.07789340091496812
0.08765053877972367 -0.07960991911519753
0.08781496781796659 -0.08132995354006002
0.08794597463955844 -0.08305285590062082
0.08804350986742189 -0.0847779768270069
0.08810753674007818 -0.08650466611315755
0.08813803112550268 -0.08823227296188992
0.08813498153022044 -0.08996014623018775
0.0880901828772369 -0.09187948566345899
0.08800399485577506 -0.09379741225339296
0.0878764575700631 -0.09571303356779003
0.0877479976566596 -0.09724354176753174
0.0875214839915463 -0.09934320726532281
0.08733042038364283 -0.1008671665812375
0.08708223143127766 -0.10257712493606763
0.08680089362900345 -0.10428194292410654
0.08648651301433986 -0.1059809779915649
0.08605310799025558 -0.10804787511725737
0.08566574122901856 -0.10973177010318086
0.0852457578174839 -0.11140782775892102
0.08479331604934304 -0.1130754163705909
0.0843085864519922 -0.11473390741632546
0.08379175172225989 -0.11638267580317427
0.0833071210856586 -0.11784010176866812
0.08273018453700177 -0.11946881277745806
0.08205025863499134 -0.1212642435188665
0.08140707122700766 -0.12286794713535576
0.08081083506905569 -0.12428338337297967
0.08002754990132659 -0.12603619115634745
0.07929210138468568 -0.12759973546678458
0.07852643819630953 -0.12914870777554135
0.07773084891819723 -0.13068252426778618
0.07690563341162951 -0.13220060684098495
0.07614893192994256 -0.133537154695138
0.07517436602924041 -0.1351912683806529
0.07406722291073864 -0.13698963924292
0.07249972246792868 -0.13940545206999994
0.0709884277092806 -0.14162812948252393
0.06908976393434328 -0.14428279375927572
0.06736931574991424 -0.14659218053900494
0.06536903187767946 -0.1491711398219326
0.0638182213664558 -0.15112667258194884
0.06212100119496953 -0.15321083918209424
0.06039694879115736 -0.15527286489400255
0.05864635296153872 -0.15731240429518692
0.05713081398928313 -0.1590475687098572
0.055213107121884646 -0.16119596569934166
0.05340601242068864 -0.16318561779671217
0.05158181730332996 -0.16515960333401133
0.049740657585099844 -0.16711777534372563
0.047745472703824926 -0.16919441843853636
0.045598241881141775 -0.1713910588254528
0.04344155411210958 -0.17357841500637536
0.04140643111257345 -0.1756159339953549
0.03935816512682366 -0.1776402402235016
0.037154798260940265 -0.17978056815389923
0.03508481819119051 -0.1817826649958457
0.03272420601666415 -0.18403647881113733
0.03062848712651391 -0.1860116171827864
0.02795777503094784 -0.18849622790004175
0.025417495135990134 -0.19083913194856617
0.02286713092969725 -0.1931710547047007
0.020737640452772543 -0.19510973455510924
0.018310049678705614 -0.19729124082055668
0.015591606846338198 -0.19972353646065755
0.013006322602475973 -0.20201668423255437
0.010559999099694689 -0.20417716285366164
0.008109020819005249 -0.20633235936908892
0.005653399165515159 -0.20848226375008644
0.003053329179466873 -0.210758633094672
0.00044346248810866757 -0.2130237638146652
-0.0021761523307715675 -0.21527761374889362
-0.0049464268627410785 -0.21765070720074584
-0.0075708974719754345 -0.21989890099723747
-0.010054138648748129 -0.22201684335020694
-0.012541942760558308 -0.22412942405961941
-0.015176088290710304 -0.22636627422252678
-0.01811361209223973 -0.22883901299423814
-0.021051135893769158 -0.2313117517659495
-0.023988659695298627 -0.23378449053766093
-0.02649008306874739 -0.23588092743375047
-0.029432934096334174 -0.2383473237820911
-0.031938873972088604 -0.24043835986299106
-0.03474466512660653 -0.24276935310856937
-0.03740278306246571 -0.2449776624991173
-0.040060900998324836 -0.24718597188966518
-0.04301436537150165 -0.24963964899027394
-0.0458251782926581 -0.25196458430893626
-0.048344597626376114 -0.2540393596638625
-0.05115541054753252 -0.2563642949825248
-0.054267634430360694 -0.25892725277390427
-0.05693525490135624 -0.2611240737379438
-0.05975607209391734 -0.2634368607752334
-0.06242842522371211 -0.26562792217898146
-0.06539770647903959 -0.2680624348498126
-0.06822350612981419 -0.270369131589175
-0.07119803207799799 -0.27279723342008283
-0.07401884927055913 -0.2751100204573725
-0.07654719632651535 -0.27717390701364414
-0.07952172227469916 -0.27960200884455194
-0.08219879562806462 -0.281787300492369
-0.08502956458779339 -0.2840878962000802
-0.08816378706265125 -0.28662390479930344
-0.09129253170235146 -0.2891666684762474
-0.09397431282209451 -0.2913461801993422
-0.0968001124728692 -0.29365287693870473
-0.09963088143259792 -0.2959534726464159
-0.10276510390745583 -0.2984894812456392
-0.1055958728671846 -0.30079007695335036
-0.10827765398692764 -0.3029695886764452
-0.11095943510667072 -0.30514910039954
-0.11364121622641372 -0.3073286121226348
-0.11662097302612821 -0.3097502918149624
-0.1193027541458713 -0.3119298035380572
-0.12243697662072921 -0.3144658121372805
-0.12512345302775024 -0.31663953379375753
-0.1281084268133292 -0.3190547800787321
-0.13153514713300088 -0.32183971172490883
-0.1343609467837755 -0.32414640846427123
-0.13719171574350422 -0.3264470041719824
-0.1401714725432188 -0.32886868386431006
-0.1428532536629618 -0.33104819558740484
-0.14567905331373646 -0.3333548923267673
-0.1482118465934938 -0.3354133200652457
-0.1510376462442684 -0.3377200168046081
-0.15386841520399722 -0.34002061251231935
-0.1567041403002972 -0.34231509648304514
-0.15953490926002592 -0.34461569219075633
-0.1625146660597404 -0.3470373718830839
-0.16534046571051514 -0.34934406862244644
-0.16802694211753616 -0.3515177902789235
-0.17085771107726488 -0.3538183859866347
-0.17399193355212278 -0.35635439458585794
-0.1769769073377017 -0.35876964087083246
-0.1798076762974305 -0.3610702365785437
-0.18248945741717354 -0.36324974830163853
-0.18532518251347346 -0.36554423227236427
-0.18801165892049448 -0.3677179539288413
-0.19129513008463128 -0.3703747248423133
-0.1939816064916524 -0.3725484464987905
-0.19726507765578918 -0.3752052174122625
-0.200095846615518 -0.3775058131199737
-0.203385041185169 -0.3801554949226374
-0.20651926366002682 -0.3826915035218606
-0.20920574006704792 -0.38486522517833777
-0.21203650902677665 -0.38716582088604895
-0.21517073150163454 -0.3897018294852722
-0.21785720790865556 -0.39187555114174927
-0.22114067907279236 -0.39453232205522126
-0.22397144803252117 -0.3968329177629325
-0.22680717312882118 -0.39912740173365835
-0.2296379420885499 -0.40142799744136953
-0.2324736671848499 -0.4037224814120954
-0.23545864097042882 -0.4061377276970699
-0.23828940993015763 -0.40843832340478115
-0.24126916672987211 -0.41086000309710874
-0.24410489182617212 -0.4131544870678346
-0.24679136823319306 -0.4153282087243116
-0.24977634201877197 -0.4177434550092861
-0.25276131580435096 -0.4201587012942607
-0.2557462895899299 -0.4225739475792352
-0.2584327659969509 -0.4247476692357123
-0.26111924240397194 -0.42692139089218933
-0.2638057188109931 -0.4290951125486665
-0.266945404536569 -0.4316243542693909
-0.26993558141807 -0.4340331559081761
-0.27306980389292784 -0.4365691645073993
-0.27575628029994886 -0.43874288616387636
-0.2787412540855278 -0.4411581324488509
-0.2814277304925488 -0.44333185410532794
-0.2845674162181248 -0.4458610958260524
-0.28755759309962575 -0.44826989746483753
-0.2905477699811267 -0.4506786991036227
-0.2933834950774267 -0.45297318307434853
-0.29636846886300566 -0.45538842935932305
-0.2992091369004315 -0.4576767909161689
-0.3023433593752894 -0.4602127995153922
-0.3053283331608683 -0.4626280458003667
-0.30801480956788946 -0.4648017674568439
-0.3107012859749105 -0.46697548911332093
-0.3136862597604894 -0.46939073539829546
-0.31667123354606824 -0.4718059816832699
-0.3195119015834942 -0.47409434324011585
-0.3225020784649952 -0.47650314487890105
-0.32519323765834607 -0.47867106635380774
-0.3281834145398469 -0.48107986799259284
-0.33101913963614693 -0.4833743519633187
-0.33385980767357276 -0.48566271352016455
-0.33684998455507376 -0.48807151515894975
-0.3398401614365747 -0.4904803167977349
-0.3423773891543168 -0.4925332761399633
-0.34521805719174264 -0.49482163769680915
-0.3482082340732436 -0.4972304393355943
-0.3510538318333492 -0.49951266783015513
-0.3540491978966182 -0.5019150136139033
-0.3567356743036392 -0.5040887352703805
-0.35957634234106517 -0.5063770968272264
-0.3621135700588073 -0.5084300561694548
-0.3650985438443861 -0.5108453024544293
-0.36764019419366195 -0.5128927838473967
-0.37063037107516295 -0.5153015854861819
-0.3736205479566638 -0.517710387124967
-0.3764661457167694 -0.5199926156195278
-0.37930681375419534 -0.5222809771763738
-0.38215241151430085 -0.5245632056709346
-0.3859030881477214 -0.5275580541083156
-0.3916041166305206 -0.5321102237331345
-0.4016732202997219 -0.5401147156337492
-0.40918747676927497 -0.5460882170521182
-0.4153385864480847 -0.5509997684894229
-0.4184837208145172 -0.5535222315623586
-0.4213243888519431 -0.5558105931192046
-0.42416998661204874 -0.5580928216137654
-0.42850574309022504 -0.5615855839900038
-0.43224995066931127 -0.5645885162196891
-0.43538963639488737 -0.5671177579404136
-0.4380807955882382 -0.5692856794153203
-0.44107097246973903 -0.5716944810541054
-0.4439165702298447 -0.5739767095486663
-0.44675723826727065 -0.5762650711055123
-0.4494483974606214 -0.5784329925804188
-0.4528930684333807 -0.5811956902317292
-0.4555888978903228 -0.5833578014371026
-0.4584295659277488 -0.5856461629939486
-0.46127516368785443 -0.5879283914885094
-0.46397099314479656 -0.5900905026938827
-0.4671215615168698 -0.5926061753812827
-0.4699671592769754 -0.5948884038758435
-0.47266298873391754 -0.5970505150812169
-0.47565835479718654 -0.5994528608649651
-0.4783541842541287 -0.6016149720703384
-0.4810500137110708 -0.6037770832757118
-0.4839005279524705 -0.6060531680881214
-0.48690106925920684 -0.608449046838026
-0.48990161056594334 -0.6108449255879308
-0.49260209774200603 -0.613001216462845
-0.49544769550211165 -0.6152834449574058
-0.4982982097435113 -0.6175595297698153
-0.5009986969195741 -0.6197158206447295
-0.5041546846367864 -0.6222246912404444
-0.507005198878186 -0.6245007760528539
-0.5097056860542488 -0.6266570669277682
-0.5124061732303116 -0.6288133578026824
-0.5154067145370479 -0.6312092365525871
-0.5184072558437844 -0.6336051153024919
-0.5211077430198471 -0.6357614061774061
-0.5241082843265836 -0.6381572849273108
-0.5269637017850138 -0.6404272154662911
-0.5298142160264134 -0.6427033002787006
-0.5325147032024762 -0.6448595911536148
-0.5353701206609064 -0.6471295216925951
-0.538220634902306 -0.6494056065050046
-0.5418212844703897 -0.6522806610048902
-0.5445217716464523 -0.6544369518798044
-0.5473771891048826 -0.6567068824187848
-0.5502277033462822 -0.6589829672311943
-0.5533836910634945 -0.6614918378269092
-0.5563893936513158 -0.6638812383942568
-0.5592399078927154 -0.6661573232066663
-0.561940395068778 -0.6683136140815805
-0.5647958125272082 -0.6705835446205608
-0.5676463267686078 -0.6728596294329703
-0.570201173968256 -0.6748906199152158
-0.5733625663448879 -0.6773926767447487
-0.5766745012156451 -0.6800138791375926
-0.5798304889328576 -0.6825227497333077
-0.5825356212618966 -0.6846732102439205
-0.5855516044287372 -0.6870496211206442
-0.5887129968053691 -0.689551677950177
-0.5917238466878759 -0.6919345892163989
-0.5944336115821318 -0.6940792093559984
-0.5971433764763878 -0.696223829495598
-0.6006117571182545 -0.6989567020038303
-0.6037731494948865 -0.7014587588333632
-0.606336735186701 -0.7034787080785783
-0.6090418675157402 -0.7056291685891912
-0.6119021749041215 -0.7078929342921019
-0.6147673589126199 -0.7101505246249893
-0.6177833420794607 -0.7125269355017131
-0.620643649467842 -0.7147907012046237
-0.6233534143620979 -0.7169353213442232
-0.6263642642446045 -0.719318232610445
-0.629229448253103 -0.7215758229433326
-0.6319438331032596 -0.7237145927323839
-0.634658217953416 -0.7258533625214352
-0.6375282652495059 -0.7281047669790818
-0.6408402001202631 -0.7307259693719257
-0.6437053841287617 -0.7329835597048132
-0.6464197689789183 -0.7351223294938646
-0.6491341538290747 -0.7372610992829158
-0.6521603614380479 -0.7396244762365711
-0.6554779429215727 -0.7422385282009673
-0.6581923277717291 -0.7443772979900185
-0.6609067126218857 -0.7465160677790699
-0.6636210974720423 -0.7486548375681212
-0.6666370806388829 -0.7510312484448449
-0.6693514654890396 -0.7531700182338963
-0.6722215127851292 -0.7554214226915428
-0.6752426152020657 -0.7577913221206445
-0.6782637176190023 -0.7601612215497462
-0.6808273033108168 -0.7621811707949613
-0.6836973506069066 -0.7644325752526079
-0.6862609362987212 -0.7664525244978231
-0.688984523146797 -0.7685795637561128
-0.6921673868019513 -0.7710542494108851
-0.695042284030476 -0.7732994575168576
-0.6979123313265658 -0.7755508619745042
-0.7004846077941932 -0.7775597323851112
-0.7036567653319765 -0.7800481267856679
-0.7065316625605012 -0.7822933348916404
-0.7092552494085772 -0.7844203741499303
-0.712134983191812 -0.7866593754566289
-0.7151662819110066 -0.7890162189373644
-0.7180411791395312 -0.7912614270433369
-0.7207647659876071 -0.7933884663016266
-0.7239476296427616 -0.795863151956399
-0.7269789283619562 -0.7982199954371345
-0.7300102270811508 -0.80057683891787
-0.732738395928426 -0.802697998050532
-0.7354665647757012 -0.8048191571831939
-0.7381947336229764 -0.8069403163158558
-0.7419902032778644 -0.8098781901167864
-0.7448699370610993 -0.8121171914234852
-0.7479012357802939 -0.8144740349042207
-0.750629404627569 -0.8165951940368825
-0.7536607033467638 -0.8189520375176181
-0.7565452602844788 -0.8211848216063254
-0.7594346269539995 -0.8234113780872538
-0.7624659256731944 -0.8257682215679895
-0.7652032204127404 -0.8278775908657112
-0.768244659012236 -0.8302213345298465
-0.771129215949951 -0.8324541186185538
-0.7737144387595223 -0.8344463007330688
-0.776755877359018 -0.8367900443972041
-0.7801014598184632 -0.8393681624277529
-0.7828387545580092 -0.8414775317254747
-0.7855760492975554 -0.8435869010231966
-0.7883133440371014 -0.8456962703209183
-0.7916589264965467 -0.8482743883514672
-0.7945530894528187 -0.8504947068638087
-0.79713831226239 -0.8524868889783237
-0.7998756070019362 -0.8545962582760456
-0.8026129017414821 -0.8567056275737673
-0.8065798801713184 -0.859735407863836
-0.8096213187708141 -0.8620791515279712
-0.8123586135103603 -0.8641885208256931
-0.8155574251988713 -0.8666425570761758
-0.8186039125212629 -0.8689797344575879
-0.8215028582969124 -0.8711938046695611
-0.8243970212531844 -0.8734141231819026
-0.8274435085755759 -0.8757513005633147
-0.8304899958979675 -0.8780884779447269
-0.8332318344881198 -0.8801919375879977
-0.8361307802637693 -0.8824060077999709
-0.8388771499459636 -0.8845035480007877
-0.8419286718150684 -0.8868341482239174
-0.8446750414972626 -0.888931688424734
-0.8474214111794569 -0.8910292286255508
-0.8503251262848547 -0.8932370402344496
-0.8530760142794419 -0.8953286512323536
-0.8561325564956501 -0.897652663452247
-0.8590410274189738 -0.8998542061844883
-0.8619447425243716 -0.9020620177933871
-0.8646956305189588 -0.9041536287912911
-0.8676041014422825 -0.9063551715235324
-0.870359494948589 -0.9084408435856556
-0.8731148884548958 -0.9105265156477791
-0.8758702819612023 -0.9126121877099023
-0.8789417997877819 -0.9149163711571743
-0.8841969844626713 -0.9187882828610865
-0.8889655302332282 -0.9223494890365729
-0.8935802519466702 -0.925795817593495
-0.8995697117085001 -0.9302889753156752
-0.9034153131363687 -0.9331609157797772
-0.9067994423928928 -0.9356882233881868
-0.909568275420958 -0.9377560205223401
-0.9123371084490235 -0.9398238176564936
-0.915413589591318 -0.942121370027775
-0.9184900707336128 -0.9444189223990564
-0.9212677990567079 -0.9464747547580765
-0.9242045199044402 -0.9486384701220275
-0.927136566467707 -0.9508085153898819
-0.9299142947908021 -0.9528643477489019
-0.9331601441488222 -0.9552558226248479
-0.9359423007414105 -0.9573056582328012
-0.9387244573339993 -0.9593554938407549
-0.9415154316065022 -0.9613933073590987
-0.9447664321750598 -0.9637777748972459
-0.9474023523213125 -0.9657023765534595
-0.9503530139433102 -0.9678470419134101
-0.9531483775852031 -0.9698788301491531
-0.9562640479601051 -0.9721229516326367
-0.9595304112976972 -0.9744863307143906
