0.0 0.0
0.0 0.0
0.00019198577103580377 -4.1414246301675025e-07
0.0005759501661951939 -2.898981824142271e-06
0.0011518605781822328 -1.035334381191829e-05
0.00211152143579274 -3.3129059499018614e-05
0.0032626642792912977 -7.536215615268558e-05
0.00479632114355409 -0.0001581505703656072
0.006328321019568818 -0.00026739194860264236
0.007667224788848673 -0.0003832080896348423
0.009004227156646663 -0.0005192277588667883
0.010529319825821816 -0.0007010233838319503
0.012240755373281344 -0.0009388125724453966
0.013758157455886077 -0.0011764009108273254
0.015271233691788379 -0.0014401386653790718
0.01696736370323415 -0.0017698329413416629
0.018843612540917282 -0.0021767249153493602
0.020338770939687563 -0.0025280917626969005
0.021827643404199834 -0.00290520724003167
0.023494073162367096 -0.003361898812566278
0.02496811832054906 -0.00379334773244972
0.02661668387345007 -0.004310829083918264
0.02825489282431121 -0.004860216710870294
0.02988212772459753 -0.0054413035465667335
0.031497775261944534 -0.006053870576690035
0.03327784047563203 -0.006773063606716647
0.03486703165565765 -0.00745131630642251
0.03644275634987989 -0.008160292342228925
0.038004420660369284 -0.00889972449778697
0.039551435988620084 -0.009669334077695246
0.041251497180369204 -0.010561333362295717
0.04276567907265686 -0.011393684567255312
0.044263417082495385 -0.012255273904012945
0.04574414670549758 -0.013145776635560298
0.047367676868252676 -0.014170481759019526
0.048810675204065686 -0.015120908575860468
0.0502349508564614 -0.016099169378163358
0.051639967009355116 -0.017104895454904578
0.05302519410565661 -0.018137707743271468
0.05453922438182127 -0.019318208951350446
0.05588096935279534 -0.02040691265952606
0.057201326336306334 -0.02152145865114026
0.05849979768369678 -0.02266142684865087
0.05991488696258505 -0.0239588832495348
0.061165558398741555 -0.025151098116960854
0.06252629685409455 -0.026505447272659903
0.06359602864703401 -0.027607550348602822
0.06490316709405496 -0.02901370107300572
0.06605480200469399 -0.030301836300350625
0.06718121316712583 -0.031612085598949374
0.06828197603177048 -0.03294395512977769
0.0695883513210962 -0.034603258371061915
0.07051747661643916 -0.03582623976273643
0.07164563867933965 -0.03737966215836849
0.07263365209796022 -0.0387971898709566
0.07359396069176104 -0.040233630867308974
0.07452620251598897 -0.0416884437461665
0.07571856883945126 -0.04365971655149727
0.07658397364162425 -0.04515525319755627
0.07742018232829866 -0.046667308210993234
0.0782268797285506 -0.04819531169127599
0.07908638080586058 -0.04991203201722376
0.07982979179460405 -0.05147180617816661
0.08054278260746994 -0.05304571832059972
0.0812250845149213 -0.054633175229752765
0.08187644035421163 -0.05623357858577022
0.08256164468527508 -0.05802700151528548
0.0832080058040169 -0.05983478692389956
0.08370006110813863 -0.061289722962532864
0.0842217435561258 -0.06293696391478959
0.08482015095583617 -0.06496225703606096
0.08551478829469389 -0.06755875192246576
0.08614198812236198 -0.0701723561587331
0.08679419264082136 -0.07317409872954332
0.08785762309736671 -0.07941975709771928
0.08870265622619683 -0.08589235975980702
0.08919031352219188 -0.0906671773199901
0.08952200541727072 -0.09468522045365327
0.08970049904700737 -0.09717465043687469
0.08986958347721509 -0.09985713383535506
0.09008004535779897 -0.10445999397729677
0.09017987584474196 -0.1077222325379171
0.09027067561163647 -0.1111767913704817
0.09032771063852096 -0.11405601978438035
0.09036611183128167 -0.11693555700450577
0.09038418344969242 -0.12077523883172593
0.09037910079088866 -0.12365502761222226
0.09034717472197332 -0.12672664118190136
0.09030199713799678 -0.1297980884272922
0.09021661480930443 -0.1338288947976337
0.0901285248869584 -0.13728352379231593
0.09003697524082682 -0.14035393872479757
0.0899321798057856 -0.14342393011112223
0.08979938562323334 -0.1468771296463936
0.08966693396518101 -0.15013820663272812
0.0895117955265497 -0.1535904744946092
0.0893417644689544 -0.15704204091650686
0.0891741480601136 -0.16030149965869223
0.08897895418660065 -0.16394401154823304
0.08879727710815437 -0.16720271681132276
0.08859002895541855 -0.1706522485952763
0.08838278080268273 -0.17410178037922983
0.08813597137765929 -0.17793356432739238
0.08791384289513818 -0.18138216988073871
0.08769702950942783 -0.18463872611521373
0.08744685790508329 -0.18827787542268698
0.08714432885677105 -0.19229821947664127
0.08685047298481081 -0.19631920677626719
0.08659859652313061 -0.19976576731880372
0.08632487976513381 -0.20340322146285764
0.08598977666881027 -0.20761360392615275
0.08567857585190078 -0.21163328602661707
0.08541963255019622 -0.2148867633846179
0.08511499337172028 -0.21871438380579528
0.08487128202893952 -0.22177648014273718
0.08445378731037814 -0.2267506317918978
0.08415653686183945 -0.23038623843791256
0.08388355954585701 -0.23363856836236369
0.08359452474069913 -0.2370822118117826
0.08324865173389077 -0.24109905908301407
0.08292788004349883 -0.2447326659737421
0.08261494732305316 -0.2483669563619992
0.08230985502871986 -0.2520019133363857
0.0819639820219115 -0.25601876060761725
0.0816675194446472 -0.25946177255438707
0.08134674775425525 -0.2630953794451151
0.08101813858656003 -0.2667282859300951
0.08066360145507419 -0.27074437775668925
0.08035971248522919 -0.27418674217948424
0.08003110331753396 -0.2778196486644643
0.07971033162714201 -0.2814532555551923
0.07941631289815156 -0.284703750831227
0.07900122763369444 -0.2892926853385702
0.0786899136853516 -0.2927343862190776
0.07837859973700875 -0.296176087099585
0.07806728578866591 -0.2996177879800924
0.07772138140161831 -0.3034419000695451
0.0773849362857329 -0.30707408924381724
0.0770307835321693 -0.3108974462693669
0.07670217436447407 -0.31453035275434693
0.0763303139732323 -0.318544877631174
0.07600170480553707 -0.32217778411615405
0.07566525968965165 -0.3258099732904262
0.07532098019115202 -0.32944142825236866
0.07495858071904714 -0.3332640124228343
0.07462213560316172 -0.3368962015971065
0.07426798284959812 -0.3407195586226561
0.07394924537139087 -0.34416057994565086
0.07363050789318362 -0.3476016012686456
0.0732055245889073 -0.3521896296993051
0.07288678711070005 -0.35563065102229985
0.07256804963249282 -0.3590716723452945
0.0722138968789292 -0.3628950293708442
0.07185974412536561 -0.36671838639639387
0.07151546462686598 -0.3703498413583362
0.07114360423562419 -0.3743643662351634
0.07082486675741693 -0.3778053875581581
0.07043529872849698 -0.38201108028626274
0.0700275897737702 -0.38621505316683935
0.06968331027527055 -0.38984650812878185
0.06934686515938514 -0.39347869730305396
0.0690025856608855 -0.3971101522649964
0.06860394624157014 -0.40131499485250866
0.06824154676946526 -0.4051375790229743
0.06790510165357982 -0.4087697681972466
0.06756082215508019 -0.4124012231591889
0.06713458097513855 -0.4167962857161555
0.06679030147663892 -0.42042774067809785
0.06643818919755669 -0.42405844452950503
0.06609390969905705 -0.4276898994914474
0.06573151022695217 -0.4315124836619131
0.06540535070205777 -0.4349528094153322
0.06507919117716338 -0.43839313516875134
0.06475303165226899 -0.44183346092217035
0.06436385492275705 -0.44584634412635726
0.06398333547704692 -0.44986005750534624
0.06362093600494204 -0.4536826416758119
0.06329477648004765 -0.457122967429231
0.06296861695515327 -0.46056329318265005
0.0625699775358379 -0.4647681357701623
0.06221786525675567 -0.4683988396215695
0.06187358575825603 -0.4720302945835119
0.06152147347917381 -0.475660998434919
0.06115082897487673 -0.479482791962716
0.06078018447057965 -0.483304585490513
0.06042024104939465 -0.4869345213366746
0.06005784157728977 -0.49075710550714025
0.05966866484777784 -0.49476998871132716
0.05929802034348076 -0.49859178223912415
0.05892737583918368 -0.5024135757669211
0.05856743241799867 -0.5060435116130828
0.05817825568848674 -0.5100563948172697
0.05780761118418966 -0.5138781883450667
0.057409778981827295 -0.5178902227013505
0.05703089117005361 -0.5217112078025733
0.056652003358279926 -0.525532192903796
0.056299891079197695 -0.5291628967552032
0.05593994765801269 -0.5327928326013649
0.05558783537893046 -0.5364235364527721
0.05522789195774546 -0.5400534722989336
0.054811115364794404 -0.5442565559102787
0.05445900308571217 -0.5478872597616858
0.053985393320995056 -0.5526634911382143
0.05361762043262764 -0.5562926420879938
0.053219788230265276 -0.5603046764442776
0.05287878919966896 -0.5637435630353781
0.05252667692058674 -0.5673742668867852
0.05217826050002813 -0.5708124098918395
0.05178042829766575 -0.5748244442481234
0.0513352295380631 -0.5792176269768037
0.05061450423997536 -0.5858983808334116
0.04927890796116738 -0.5990779290194528
0.04889177860499115 -0.6028980879139575
0.048493946402628774 -0.6069101222702414
0.04811505859085509 -0.6107311073714642
0.0476406156718698 -0.6153142852652491
0.04707927810541427 -0.620853515662281
0.046498584071149936 -0.626583754004038
0.04596483578729149 -0.631739829134546
0.04544221115645358 -0.6368970436421273
0.0447898521428488 -0.6431989132460817
0.04435494613377895 -0.6474001596487179
0.043938169540827895 -0.6516032432600629
0.04353168371684286 -0.6556144100992929
0.04314455436066662 -0.6594345689937977
0.04279613794010803 -0.6628727119988518
0.042370295648314175 -0.667074886782807
0.04176488514476467 -0.6728025665169545
0.04118419111050032 -0.6785328048587116
0.04061090591672642 -0.6840708114803684
0.03997831535807935 -0.6901817153387484
0.039393085204648154 -0.6957184724150909
0.03876296950039785 -0.7014434869315815
0.03816579711055372 -0.7069789686984852
0.03758056695712251 -0.7125157257748278
0.03690102596178263 -0.7188147222682011
0.03631579580835142 -0.7243514793445437
0.03571862341850732 -0.7298869611114471
0.03505267186460283 -0.7361874088190096
0.03466142098849807 -0.7398141037697394
0.03427799433625004 -0.7434416342680329
0.03391474803412032 -0.7468782421085215
0.03339994424977193 -0.7516502091489558
0.03301651759752392 -0.755277739647249
0.03263844817497372 -0.7587127483571435
0.032275201872844 -0.762149356197632
0.031687093882210374 -0.76749270307969
0.03114099360519342 -0.7724543823273153
0.030552885614559787 -0.7777977292093733
0.029964777623926155 -0.7831410760914312
0.029502692774142587 -0.7873394200701911
0.029124623351592396 -0.7907744287800855
0.028704546215425505 -0.7945911051244128
0.028242461365641937 -0.7987894491031726
0.02783556754003249 -0.802414422334575
0.027407258249917302 -0.806230183630788
0.02702177988881361 -0.8096643687973799
0.02634514373973713 -0.8155773529603878
0.02572409526907011 -0.8211102068398966
0.025134767010197033 -0.8262602253044519
0.02456726572387483 -0.8312195023443939
0.02417438021795946 -0.8346528479874307
0.023737840766942367 -0.8384676764796939
0.023315311565395933 -0.8420908605196706
0.02285694514182798 -0.846096430436547
0.022376751745709193 -0.8502927417780364
0.021954222544162735 -0.8539159258180133
0.021493004951644308 -0.8577278494072301
0.02083616417291678 -0.8632565683769658
0.020201973076214342 -0.8685946418649866
0.01954475791851469 -0.873929929593604
0.01906047944637031 -0.877932449362282
0.018599261853851884 -0.8817443729514988
0.018106350485577124 -0.885745838747962
0.017668193772684627 -0.8893671661577178
0.017206976180166172 -0.8931790897469348
0.016777083062383364 -0.8966079982077428
0.01633111563394432 -0.9002283720235903
0.015845239215468793 -0.9040372310684549
0.015116424587755521 -0.9097505196357516
0.014387609960042236 -0.9154638082030484
0.013658795332328978 -0.921177096770345
0.013041180886992104 -0.9259368493656257
0.012579598289440358 -0.9295552654582471
0.012110211310984347 -0.9331726774306603
0.011633022135816792 -0.9367890684500063
0.011130717740903568 -0.9405957958387916
0.01069678007914211 -0.9438305855782069
0.010169851345311802 -0.9476339826422985
0.00962519217232317 -0.9516287337637727
