0.0 0.0
0.0 0.0
0.00019198577103580377 4.1414246301675025e-07
0.0013437717548261034 1.780747840279719e-05
0.0023033812490843393 4.2653270486081564e-05
0.0030708687612110343 6.915314664888689e-05
0.004221489141367766 0.0001237994764330562
0.0051797925279203905 0.00017967714797155433
0.006520083107085114 0.0002781547866398658
0.008049673558515963 0.0004171164709986748
0.009195421423661466 0.0005361765823098292
0.010720118384630932 0.0007212616331344292
0.012241394426817178 0.0009326298007908257
0.013758796509421911 0.0011702181391727547
0.015271872745324211 0.0014339558937245013
0.016780172535653934 0.001723764522511828
0.01828324670398147 0.0020395577196120123
0.01996698963173337 0.0024275848895047893
0.02164288243736713 0.002848225633316575
0.02312589092306668 0.003247779297010698
0.02478523490375462 0.003729581004234975
0.026434912904293013 0.004243504953734488
0.027893191943240615 0.004725562567920112
0.03148351980401174 0.006086822634860782
0.03466482095043567 0.0074364686407008135
0.03864755118423658 0.009343328968017836
0.040872453766997045 0.010474226891989862
0.04240077352358303 0.011280324933767957
0.04424924147037047 0.012301632866174545
0.04591750948350993 0.013251765812532533
0.04903535451255458 0.015145184912617028
0.051308296740411714 0.016579772085459948
0.05324045502344055 0.017834530345718337
0.05547550451044738 0.019327467222579543
0.057529738635268016 0.020744945186302724
0.05956856501842584 0.02218449671249342
0.061591746480974444 0.023645954336517505
0.06375000483829737 0.025247899276491202
0.06589436049104239 0.02686840708646995
0.0680246537872705 0.028507357116125228
0.07044302216983658 0.0304013802314852
0.0726909593577978 0.03220137680166918
0.07477446013293705 0.033899414271119054
0.07743430948767743 0.036105637907880586
0.07963890640580254 0.03795846323215874
0.08183146678577125 0.039825516588087424
0.08415292696064491 0.041837145741730974
0.08675478177085637 0.044111474845422355
0.08919813721395334 0.046275309573679084
0.09162743845298243 0.04845491092314026
0.09404258375011663 0.05065018761327569
0.09630672659633785 0.052726117854689974
0.09884378792214854 0.055072506815283216
0.10123511551084077 0.05729370444631042
0.10402578962151576 0.059931055603377865
0.10639302131596132 0.06217791578089979
0.1088892148034706 0.06456773573190747
0.11124185659693592 0.06682986816484807
0.11357980996205021 0.06910717811631978
0.11591284539561227 0.07138952607801739
0.11838311820761917 0.07380612980216782
0.12124679752836244 0.0766440922552644
0.12356005290246254 0.0789464858199528
0.12613989904531614 0.0815253203227673
0.12844319971205745 0.08383767249990437
0.1311529652023413 0.08655808682594797
0.13372166151217402 0.08914802751668881
0.13614455498459527 0.09161213152151829
0.13869643696347245 0.09421864104185099
0.14124269038125176 0.09683064928191273
0.1436549304612532 0.09930518340407647
0.1459281105212495 0.10164715244045515
0.1486024400035981 0.10440241013031244
0.15113740078007737 0.10702537932102263
0.1537938438870509 0.10979788597333015
0.15632314063587593 0.11242631734395528
0.1587085512360452 0.11492672482953001
0.16109396183621447 0.11742713231510475
0.16374441805862477 0.12020536285463222
0.16639487428103508 0.12298359339415972
0.16903331976222738 0.12577323289783265
0.1716717652434197 0.1285628724015056
0.17418399939770535 0.13120761682540444
0.17669052260483803 0.1338577743538937
0.1790651235379111 0.13636844990719935
0.18170356901910342 0.13915808941087232
0.18446761178355173 0.142093180164757
0.18710003346397872 0.14488850469226625
0.189469212976363 0.14740429676702457
0.19196427932509633 0.1500652434837255
0.194590664955342 0.15286624002762125
0.19721705058558764 0.15566723657151696
0.19984343621583328 0.15846823311541267
0.20233275670663237 0.16113455586552963
0.20469106032949463 0.1636605458393246
0.20691319568943026 0.16605100207080953
0.20952747258347215 0.16886330351961532
0.2124164967767424 0.17194439971790065
0.21490581726754146 0.17461072246801757
0.21738938031688132 0.17728240884438312
0.22000365721092321 0.1800947102931889
0.22235650641556093 0.18262578159711412
0.22470935562019864 0.18515685290103934
0.2273236325142406 0.18796915434984518
0.22981295300503965 0.1906354770999621
0.23242115726940457 0.1934534113846865
0.23516614800814856 0.19640632790593257
0.2390875633492114 0.20062478007914125
0.24248612331146593 0.20428077196258881
0.24614611096312464 0.20821799399091698
0.2495446709253791 0.2118739858743645
0.2528049262558353 0.21539640373027005
0.2550270616157709 0.21778685996175498
0.2573689691639372 0.22032805856894014
0.2598467632150839 0.22300509613942832
0.2624671005738198 0.22581175166586723
0.2650753048381847 0.22862968595059163
0.26742268867611313 0.2311658268068436
0.2698947021991776 0.23384820311442797
0.2722366097473439 0.23638940172161313
0.2749752242249271 0.23934823272057376
0.2773226080628555 0.24188437357682574
0.27993081232722045 0.24470230786155014
0.28253901659158537 0.2475202421462746
0.2854080412823867 0.25061996985947144
0.28775542512031516 0.25315611071572347
0.29022743864337963 0.2558384870233078
0.29308977009113846 0.25894439643208966
0.29569188958910103 0.26176795044007317
0.29803379713726735 0.2643091490472584
0.30051159118841403 0.2669861866177466
0.3027233927616822 0.2693862075245326
0.30572282766570186 0.27262683195196563
0.3084550531385626 0.2755915636603483
0.3107969606867289 0.2781327622675335
0.31313886823489523 0.2806739608747187
0.3154807757830615 0.2832151594819038
0.31821939026064466 0.28617399048086445
0.3205667740985731 0.2887101313371165
0.32303878762163746 0.29139250764470076
0.32551658167278413 0.29406954521518897
0.32812478593714905 0.2968874794999134
0.330732990201514 0.29970541378463783
0.33308037403944235 0.30224155464088975
0.3354277578773708 0.3047776954971418
0.3379113209267106 0.30744938187350734
0.3406499354042937 0.31040821287246795
0.34313349845363356 0.3130798992488335
0.3454754060017998 0.3156210978560186
0.3480896828958418 0.3184333993048245
0.3506918023938044 0.321256953312808
0.35316959644495105 0.3239339908832962
0.35577780070931597 0.32675192516802065
0.35798960228258414 0.32915194607480663
0.3604673963337308 0.33182898364529484
0.36307560059809574 0.33464691793001927
0.36542298443602406 0.33718305878627114
0.36777036827395254 0.3397191996425232
0.3702539313232923 0.3423908860188886
0.3729925458008755 0.3453497170178493
0.3752043473741437 0.3477497379246353
0.3776821414252904 0.3504267754951235
0.3800295252632187 0.3529629163513754
0.3823769091011472 0.3554990572076274
0.384860472150487 0.358170743583993
0.38733826620163364 0.36084778115448113
0.3898218292509734 0.3635194675308466
0.3921746784556112 0.3660505388347719
0.3949132929331943 0.3690093698337325
0.39739685598253416 0.37168105621009806
0.39987465003368083 0.37435809378058627
0.40209678539361643 0.37674855001207114
0.4045745794447631 0.37942558758255934
0.4073195701835071 0.38237850410380547
0.4096724193881448 0.3849095754077307
0.4124110338657279 0.3878684064066913
0.41489459691506775 0.39054009278305685
0.41750887380910967 0.39335239423186263
0.41986172301374747 0.39588346553578796
0.4223510435045465 0.3985497882859048
0.4248346065538863 0.40122147466227026
0.42718745575852407 0.4037525459661956
0.429801732652566 0.4065648474150014
0.4318931541677995 0.408814688574046
0.4345074310618414 0.4116269900228518
0.4368602802664791 0.414158061326777
0.43961163449315177 0.41710504962953787
0.4420951975424916 0.41977673600590343
0.44444804674712923 0.4223078073098286
0.44680089595176703 0.4248388786137539
0.44941517284580895 0.4276511800625597
0.45176802205044664 0.4301822513664849
0.4542573425412457 0.4328485741166019
0.4564794779011813 0.43523903034808675
0.45910586353142696 0.43804002689198246
0.4618572177580996 0.4409870151947433
0.4642155213809619 0.4435130051685383
0.4666990844303017 0.44618469154490387
0.4690519336349394 0.4487157628488291
0.47166621052898133 0.45152806429763487
0.47401905973361913 0.4540591356015602
0.47650838022441816 0.45672545835167705
0.478991943273758 0.4593971447280426
0.4813447924783957 0.4619282160319678
0.4839590693724376 0.4647405174807736
0.4863119185770753 0.4672715887846988
0.48866476778171297 0.46980266008862404
0.49101761698635077 0.47233373139254936
0.4946776046380094 0.4762709534208775
0.4970304538426471 0.4788020247248027
0.4993833030472848 0.4813330960287279
0.5018726235380839 0.4839994187788449
0.505017028368567 0.48736740541057155
0.5072391637285026 0.48975786164205654
0.5097284842193017 0.4924241843921735
0.5120867878421639 0.4949501743659684
0.5144450914650261 0.4974761643397634
0.517065428823762 0.5002828198662024
0.5196978505041889 0.5030781443937116
0.522442841242933 0.5060310609149578
0.5247956904475708 0.508562132218883
0.5276713950310169 0.5116556638125694
0.5298986817859423 0.5140413210100424
0.5323822448352822 0.5167130073864079
0.5348715653260812 0.5193793301365248
0.5376165560648253 0.522332246657771
0.5401058765556243 0.5249985694078878
0.5424641801784866 0.5275245593816829
0.5448224838013489 0.5300505493554778
0.5473060468506887 0.5327222357318433
0.550319434813235 0.535949889587248
0.5528029978625747 0.5386215759636134
0.5552923183533738 0.5412878987137303
0.5576506219762362 0.5438138886875253
0.5606570404043844 0.547048035353652
0.5634083946310571 0.5499950236564128
0.5658919576803969 0.5526667100327783
0.5681192444353224 0.5550523672302513
0.5712636492658054 0.5584203538619781
0.5736219528886677 0.560946343835773
0.5761170192374011 0.5636072905524739
0.5786063397282001 0.5662736133025909
0.5811014060769335 0.5689345600192918
0.5835907265677326 0.5716008827694087
0.5859490301905949 0.5741268727432036
0.588307333813457 0.5766528627169986
0.5905294691733926 0.5790433189484835
0.5934184933666629 0.5821244151467689
0.5959078138574618 0.5847907378968857
0.5982661174803242 0.5873167278706808
0.6006244211031865 0.5898427178444757
0.6031194874519199 0.5925036645611766
0.605483234519141 0.5950245614506828
0.60797255500994 0.5976908842007997
0.6103308586328022 0.6002168741745947
0.6128259249815357 0.6028778208912956
0.6161013466799555 0.6063861402993443
0.6185964130286887 0.6090470870160452
0.6209601600959099 0.6115679839055513
0.6237242028603582 0.6145030746594361
0.6264819077721161 0.6174441210305266
0.6289712282629152 0.6201104437806435
0.631203656048624 0.622491290842955
0.633567403115845 0.625012187732461
0.6368579302163787 0.6285063433918476
0.6393529965651121 0.6311672901085486
0.6417167436323332 0.6336881869980547
0.6440804906995544 0.6362090838875609
0.6464442377667754 0.638729980777067
0.649070623397021 0.6415309773209628
0.6514343704642422 0.6440518742104689
0.6537981175314633 0.6465727710999751
0.6562989181278689 0.6492283294011089
0.6591945819763386 0.6523031863813691
0.6616896483250719 0.65496413309807
0.6639272067534349 0.6573401589464528
0.6662963862658192 0.6598559510212112
0.669981776618417 0.6637694053597241
0.6732798334699074 0.6672564547393153
0.6768336027384837 0.6710301428514527
0.6806593486862126 0.6750751201317785
0.6834233914506609 0.6780102108856633
0.6857925709630452 0.6805260029604216
0.6882990941701778 0.6831761604889108
0.6906736951032509 0.6856868360422166
0.6935759851325624 0.6887554394962567
0.6958135435609253 0.6911314653446397
0.698320066768058 0.693781622873129
0.7006946677011311 0.6962922984264346
0.7033331131823234 0.6990819379301075
0.7057077141153965 0.7015926134834132
0.7080823150484696 0.7041032890367189
0.7105945492027553 0.7067480334606178
0.7132390062072663 0.7095319749594584
0.7157455294143991 0.7121821324879477
0.7181201303474722 0.7146928080412535
0.7204947312805454 0.7172034835945592
0.7230069654348311 0.719848228018458
0.7259158681397934 0.7229105636671829
0.7282958794438535 0.7254161110161397
0.7308024026509861 0.7280662685446289
0.7331770035840592 0.7305769440979346
0.7358154490652515 0.7333665836016076
0.7380632375190862 0.7357329338756224
0.7405697607262189 0.7383830914041117
0.7430933816778437 0.7410169727238037
0.7457378386823549 0.7438009142226446
0.7485082064376067 0.7467300357015011
0.7508936170377761 0.7492304431870759
0.7531414054916106 0.7515967934610905
0.7556593389029004 0.7542361124736416
0.7584486041652225 0.7571472444585645
0.7609665375765124 0.7597865634711158
0.7634787717307981 0.7624313078950147
0.7657316595198469 0.764792803853613
0.7681170701200161 0.7672932113391877
0.7710325719646675 0.770349264932668
0.7734179825648366 0.7728496724182427
0.775803393165006 0.7753500799038174
0.7781995690323139 0.7778401727812517
0.7811150708769653 0.780896226374732
0.7835004814771345 0.7833966338603067
0.7858858920773039 0.7858970413458815
0.7884095130289287 0.7885309226655737
0.7910659561359022 0.7913034293178812
0.793848935169433 0.7942205713843851
0.7961069118103606 0.7965772020388466
0.7986248452216504 0.7992165210513977
0.8008828218625779 0.8015731517058591
0.8035392649695514 0.8043456583581666
0.8059300637658275 0.8068409143452433
0.8083208625621038 0.8093361703323202
0.8105839175478946 0.8116879247165637
0.8136388271209142 0.8148763073667173
0.8160296259171904 0.8173715633537942
0.8185589226660154 0.8199999947244192
0.8209550985333234 0.8224900876018536
0.8233512744006313 0.8249801804792879
0.8260136920309735 0.827746950343104
0.8285486528074527 0.830369919533814
0.8310779495562778 0.8329983509044392
0.8334741254235858 0.8354884437818736
0.8361365430539279 0.8382552136456894
0.8385327189212358 0.8407453065231237
0.8409288947885438 0.8432353994005581
0.8431970175885516 0.8455822665711935
0.8460050635450177 0.8484752871455438
0.8485400243214969 0.8510982563362538
0.851069321070322 0.853726687706879
0.8536042818468013 0.8563496568975892
0.8560058236350448 0.8588345750782621
0.8586742033997599 0.8615955952790096
0.861482249356226 0.8644886158533599
0.8638891458903395 0.8669683477742312
0.8662960424244533 0.8694480796951027
0.8689703719068022 0.8722033373849601
0.8713772684409158 0.8746830693058316
0.8737841649750296 0.8771628012267032
0.8760623917172532 0.8794998612309689
0.8786030047254842 0.8821173560363332
0.8812891962821973 0.8848610502682626
0.8839635257645458 0.8876163079581199
0.8863810981655873 0.890085632766856
0.8889273515833667 0.8926976410069178
0.891607618338924 0.8954471233648778
0.8938908811621299 0.8977792634620175
0.8964483798274633 0.9003802621337819
0.8991404836857092 0.9031181554724814
0.9015633771581304 0.9055822594773109
0.9042554810163762 0.9083201528160103
0.9066783744887975 0.9107842568208399
0.9091012679612187 0.9132483608256693
0.9113945710489666 0.9155706285751436
0.9142336564440448 0.9184331946017519
0.916796759895057 0.9210286703217524
0.919224963164437 0.9234875420564896
0.9216531664338171 0.925946413791227
0.9242218627436498 0.9285363544819678
0.9267961399594193 0.9311207480917091
0.929364836269252 0.9337106887824499
0.9319391134850218 0.9362950823921914
0.9343779024262774 0.9387434552856307
0.9370876679165613 0.9414638696116744
0.9395264568578167 0.9439122425051135
0.9419652457990723 0.9463606153985529
0.9442735291900465 0.9486679936379132
0.9471310799462878 0.9515121268648812
0.9493082614748526 0.9536790855139996
0.9525740337676999 0.9569295234876775
0.955033857676032 0.9593567621791363
0.9577669953519568 0.9620536940585354
0.9603689968971778 0.9646101723925662
0.9632387914568988 0.9674419508659351
